Final weights: [array([[ -23.47821379,   -1.3966077 ,  -17.03219336],
       [ -11.06337759,   17.64123219,   12.85658264],
       [ -31.89585648,  -31.17694298,    6.1312822 ],
       [ -26.11724725,   23.12239952,  -13.927449  ],
       [ -43.37644719,   -1.91463853, -104.35809549],
       [  23.413555  ,   23.60645381,   10.82518022],
       [  32.00190543,   -2.43124899,  -33.52033798],
       [ -41.1609044 ,  -27.10644389,   15.32633194],
       [ -40.0046196 ,   16.89152737,  -21.87780091],
       [ -32.08037283,   22.97185527,    2.06578672]]), array([[   5.01452522,  -60.98012642,    2.43458507,   -2.078552  ,
          29.35032451,  -19.43688988,   18.13760981,   36.10673723,
         -45.01546675,  -30.06765063,  -76.72513659],
       [  13.02606097,   36.14188121,   21.97097514,    5.97200429,
        -138.67831161,   30.52003934,   46.67320297,  -83.9396387 ,
          -3.98343571,   -5.12363333,   39.71498455],
       [   1.37624436,    4.65545047,   29.4665415 ,   10.50062136,
          -0.82172659,   15.02066759,  -19.03538679,   44.76706353,
          33.12344792,   10.83078027,   23.42953683],
       [  -4.88672085,   36.46961455,   15.80596114,   34.98081939,
         -29.17104375,   32.521165  ,  -17.55684808,  -30.56354978,
         -23.03418721,   13.36834738,   39.34877871],
       [  -3.92525616,    5.15070165,  -17.24893757,    8.49933648,
         -42.5536026 ,   13.52304232,   20.27921279,   42.92965541,
         -22.62734526,   -6.14161651,  -18.28289818],
       [   2.89696321,   -5.94895195,    6.68894507,  -12.3469731 ,
          -4.25588857,   -9.6584152 ,   24.56694879,  -30.1185823 ,
         -38.01348922,  -10.87574688,   14.97413525],
       [ -17.80018979,  -18.27658414,   53.04798186,   13.21007102,
          39.92677685,   47.55843208,  -36.46206372,    3.35870994,
         222.86790526,    9.7559115 ,   19.19856457]]), array([[ -4.46255558,  18.24183649, -29.44153631, -24.35917248,
        -49.996142  ,  50.75372386,  11.71433306, -37.53786971]])]
