#####################################
lbd:0,alpha:0.01,
 shape:[(15, 3), (15, 16), (1, 16)] 
loss: 0.6926949403492245
Final weights: [array([[-0.56998685, -1.4184532 ,  0.03146302],
       [ 0.53058958, -0.74208894, -0.85708959],
       [ 0.66780571,  0.12210226, -0.68018111],
       [ 0.22992071,  0.1013868 , -0.43620404],
       [-0.06305202,  0.07299161,  0.35073773],
       [-0.07509586,  0.13971607, -1.43764651],
       [-0.25041754,  0.33821941, -0.94825314],
       [ 0.81480386, -0.0073117 ,  0.33800757],
       [ 0.71513949, -0.09064582, -0.21503919],
       [ 1.74472992, -0.41737948, -0.80582246],
       [-1.19571506, -0.12915195, -0.49575365],
       [ 0.86063066, -0.31471632,  0.56755938],
       [-0.65876117, -0.17250249,  0.05933509],
       [ 0.34933696,  0.47325041, -0.77704287],
       [-0.76201123,  0.24476812, -0.32671242]]), array([[-2.59142339e-01, -1.14042589e-02,  5.35828250e-02,
        -3.06459342e-01,  5.85479622e-02, -4.25330207e-02,
         2.80481364e-01, -6.39286566e-02, -3.36865124e-01,
         2.34829831e-01,  1.93104313e-01,  3.04515540e-01,
        -3.51706581e-01, -2.30664481e-01, -9.03664312e-02,
        -5.10172630e-02],
       [ 1.15036998e-02, -3.13962998e-01,  3.41714188e-01,
        -1.53437128e-01,  5.95178898e-02,  7.27992037e-02,
        -1.70954666e-01,  3.23508403e-01,  6.36835508e-02,
         2.99491775e-01, -2.47882862e-01,  3.41932758e-01,
        -1.41378667e-01, -1.93535003e-01, -2.13334275e-01,
         1.57615846e-01],
       [ 5.41925474e-02,  4.45928846e-01, -1.41325070e-01,
         8.70168927e-02,  1.20646686e-01,  3.61799998e-01,
         5.18007620e-01, -2.47703340e-01, -7.71730088e-02,
        -3.19717118e-01,  2.60062377e-01,  3.06470655e-04,
         1.56777395e-01, -7.13449626e-02, -3.22724674e-02,
         5.06837280e-01],
       [ 4.37939299e-01, -2.20008413e-01,  4.47116039e-02,
        -2.27274106e-01,  9.62571014e-02,  3.47921526e-02,
        -1.61990030e-01, -2.51383834e-01, -4.35811982e-02,
        -2.43547928e-01, -2.57105737e-01,  9.68582044e-02,
         2.67939499e-01, -4.69168386e-01,  5.80462568e-03,
        -4.29144801e-01],
       [-2.28384599e-01, -1.43833677e-01, -7.59103631e-02,
         4.26297242e-02, -2.73848729e-01, -8.90603658e-03,
         1.69984793e-01, -1.25829110e-01, -9.70084407e-02,
        -1.37573129e-01,  1.42592434e-02,  1.21107696e-01,
        -8.35957616e-02,  4.98914686e-02, -4.77143701e-01,
        -1.62014100e-01],
       [ 1.73327019e-02,  4.86440955e-02,  5.84403923e-02,
        -5.37563222e-02, -4.12353351e-01,  6.96211643e-02,
        -3.62251861e-01,  3.01833829e-02, -2.85383754e-01,
         4.91449336e-01,  7.90997928e-02, -4.21185358e-01,
         1.79422977e-01,  1.20358143e-01,  4.50174984e-01,
         3.62471402e-01],
       [-5.78702319e-02,  6.70482296e-02, -2.85393219e-02,
        -3.38298548e-01,  3.94971890e-01, -3.44531081e-02,
        -6.40732968e-02,  1.83178546e-01, -5.59219619e-01,
        -1.30942475e-01, -3.18979796e-01,  2.57453979e-01,
        -5.75609532e-02,  2.06584587e-01,  1.95711020e-02,
        -4.95037729e-02],
       [-1.30529260e-01,  3.43195849e-01,  3.73327841e-01,
         3.86866341e-01, -4.07893346e-01,  5.33311537e-03,
         3.58402015e-01, -3.85149740e-02, -3.02184844e-01,
         1.58885499e-01, -2.15243123e-01,  3.09447836e-01,
         6.16327019e-02,  6.70620128e-01, -1.64933956e-02,
         4.69563492e-02],
       [-1.21864890e-01, -4.20659714e-01, -2.22912908e-01,
        -3.38929361e-01, -1.33535305e-01,  6.95891241e-02,
        -8.04826655e-02,  2.54210609e-01, -7.01725877e-02,
         1.98449995e-01,  3.05935769e-01, -2.66373485e-02,
         1.35473680e-01,  1.58794679e-01, -1.08958456e-02,
        -2.07608933e-02],
       [ 4.85371459e-02, -3.41129848e-01, -3.27403295e-01,
        -3.15806359e-03,  2.30912812e-01, -6.95581134e-02,
         8.38080239e-02,  3.30619704e-01,  8.65636330e-02,
        -1.49647010e-01,  2.97283046e-01,  1.56073730e-01,
        -1.76486164e-01,  1.18906127e-01,  2.70673418e-01,
         1.47972748e-01],
       [-2.71657695e-01, -3.85379329e-01,  2.07706824e-01,
         9.65884626e-02, -1.89218770e-01,  1.58391704e-01,
        -1.77239037e-01,  3.66806579e-01, -3.34153807e-01,
        -1.31222553e-01,  2.71214124e-01, -8.05376749e-02,
        -1.03455119e-01, -2.27734623e-01, -1.21023531e-01,
         1.14960778e-01],
       [ 2.91968369e-01, -4.64103744e-02, -4.19029183e-02,
        -1.74247179e-01,  5.07870680e-01,  2.47748731e-01,
         3.07908138e-01, -9.17028810e-02,  1.69775672e-02,
         1.34043837e-01, -2.13533584e-01,  8.24419918e-02,
        -4.70964995e-01,  3.73354398e-02, -2.04995541e-01,
         5.30744977e-01],
       [ 9.98394556e-03,  1.04784368e-01,  1.43095035e-01,
        -4.02749213e-02,  1.48808392e-01,  3.91805322e-02,
         9.81898970e-02,  1.52317379e-01, -9.50655456e-03,
         7.33786001e-02,  3.77223725e-01, -3.48013850e-01,
        -2.47075030e-01, -1.50676308e-01, -1.27109374e-01,
         4.30876831e-01],
       [ 4.42604580e-01,  2.63294576e-01, -4.00848054e-01,
         2.48053645e-01, -1.70434651e-01,  2.63525501e-01,
        -5.70660756e-02,  2.29492651e-01, -2.83340697e-01,
        -3.07448153e-01,  1.69551881e-01,  1.89997655e-01,
        -2.31459671e-01, -3.85889896e-02, -9.72458269e-03,
         1.01373996e-01],
       [ 1.56901945e-01, -6.89914215e-01,  7.41119887e-02,
        -2.38069379e-01, -5.09104219e-01, -2.50781309e-02,
         1.84888062e-01, -3.50589493e-01, -7.69170527e-02,
         9.92577574e-01,  8.93491503e-02, -2.74817524e-01,
        -1.76772184e-01, -8.90273174e-02,  9.81158377e-03,
        -4.28769947e-01]]), array([[-0.04924577, -0.24802053, -0.02847161, -0.01758691, -0.45143718,
         0.20342804,  0.236718  , -0.78704408, -0.07466934, -0.10663647,
        -0.18505792,  0.21478529,  0.45339203,  0.12463029, -0.09332818,
         0.46707524]])]
#####################################
lbd:0,alpha:0.01,
 shape:[(10, 3), (10, 11), (10, 11), (1, 11)] 
loss: 0.6927185148027504
Final weights: [array([[ 0.56243163, -1.19912781, -0.10715511],
       [ 0.32209614, -0.28283434, -0.46505006],
       [ 0.11675535, -0.40586804,  0.68616553],
       [ 0.6234664 ,  0.5237101 , -0.62555302],
       [ 0.14041066, -0.59318536, -0.28113652],
       [-0.67376645, -0.1034599 ,  0.0800498 ],
       [ 0.326582  ,  0.450411  , -0.35868302],
       [ 0.33236321, -0.2779563 , -0.45666521],
       [ 0.76073644, -0.04680028,  0.44683458],
       [-0.26367305, -0.72020257, -0.53225354]]), array([[-8.66861931e-02,  6.17910613e-02, -1.24131961e-01,
        -1.93857221e-02,  3.09484042e-01,  3.01720055e-01,
         5.16192311e-01, -3.13654030e-01,  3.98155289e-04,
        -5.07973819e-01,  1.98631094e-01],
       [ 2.13642630e-01, -9.57645145e-02, -1.84955802e-01,
         2.57045916e-01, -5.93324190e-02, -3.22821645e-01,
         7.63003911e-01, -3.89068467e-01, -3.67135482e-01,
        -2.57754624e-01,  2.16049117e-01],
       [ 6.75195564e-01, -4.58075331e-02, -2.76279670e-01,
        -3.69561737e-02, -2.47989357e-02, -5.86286420e-03,
         2.47189457e-01,  1.13416679e-01,  6.69582187e-01,
        -1.65500673e-01,  5.56873958e-01],
       [ 3.73595503e-01, -3.24385070e-01, -1.67427959e-01,
        -5.82563479e-02,  2.11242475e-01,  1.33620109e-01,
        -3.16698059e-01, -1.66750767e-01, -6.22846114e-01,
        -2.08935796e-01, -3.69379141e-02],
       [-1.96288611e-01,  1.63582233e-01,  1.28344901e-01,
         3.87923432e-01,  3.14495185e-01,  4.58298610e-01,
        -8.71364482e-01, -5.61359468e-01,  2.04648665e-01,
        -2.25176600e-01,  1.51301023e-01],
       [-3.65830127e-01, -2.67244482e-02,  6.35270964e-02,
        -2.69870869e-01, -5.10648270e-02, -3.40945741e-01,
        -8.43558842e-01,  5.85966517e-01, -5.20993942e-01,
        -3.39686843e-01,  9.26527118e-02],
       [ 5.18413389e-01,  2.43147582e-01,  1.68998579e-03,
         3.15031997e-01, -2.38384874e-01, -1.23507028e-01,
         4.53426591e-01, -1.78169871e-01, -2.17811341e-01,
        -1.20015748e-01, -2.15711724e-01],
       [ 8.63837557e-02,  3.15736179e-01,  2.23536547e-01,
         4.10236339e-01, -7.21429058e-03,  2.84058746e-01,
        -1.28838611e-01, -8.39400050e-02, -1.80313806e-03,
         5.78274177e-01,  6.25904866e-01],
       [ 2.96732123e-01,  1.54738042e-01,  1.47254314e-01,
         1.57168938e-01, -5.76137624e-02, -5.76830823e-02,
        -5.95353454e-02,  5.41010650e-01,  3.24341556e-01,
         1.74847508e-01,  3.97487848e-01],
       [ 8.69258695e-01, -1.21432472e-01,  1.38357288e-01,
         8.61544775e-02,  4.17900934e-02, -1.38770168e-01,
        -2.43616475e-01,  1.62304243e-02, -3.20838325e-01,
         2.75809060e-01, -1.00888201e-01]]), array([[ 0.42981764, -0.12490297, -0.04260661, -0.73542402,  0.07119783,
         0.34327645,  0.30072986, -0.47750551, -0.23598656, -0.02562914,
         0.32431297],
       [-0.00175594,  0.01099703,  0.41328923,  0.67522071,  0.38948451,
        -0.2727059 ,  0.07240403,  0.16883438, -0.46168758, -0.20799939,
         0.0571639 ],
       [-0.32999686, -0.52034234,  0.04183628, -0.99091112,  0.56214789,
        -0.15127761,  0.65249719,  0.44918841,  0.35495033,  0.05643273,
        -0.4931317 ],
       [-0.63298339,  0.12897217,  0.26448416,  0.21348336,  0.06374372,
        -0.3734791 ,  0.18533334,  0.0908862 ,  0.34653468,  0.57812991,
        -0.07640806],
       [ 0.70818365,  0.07123937,  0.48183035,  0.00725702,  0.2740266 ,
        -0.31713699,  0.51195757,  0.5141838 ,  0.43800602,  0.21401424,
        -0.18140428],
       [-0.07583394,  0.10520646,  0.34089845, -0.30505168,  0.01486491,
         0.2454444 ,  0.0615897 ,  0.20420316, -0.34729881, -0.43813409,
        -0.0521707 ],
       [-0.11378222, -0.3175448 , -0.20235093, -0.02399589, -0.42018014,
         0.32853724,  0.07252411, -0.63361611, -0.38585451,  0.52850486,
         0.27855649],
       [-0.07150532, -0.33347453, -0.01395259, -0.13159293,  0.11251251,
        -0.68044893, -0.02307509, -0.06551103,  0.28792378,  0.08369423,
         0.34091962],
       [-0.16523638,  0.15351114, -0.47892936, -0.01031948, -0.07332703,
        -0.41204011, -0.25655291,  0.07372793,  0.36544234,  0.6128753 ,
         0.00448914],
       [-0.07648624, -0.40025198, -0.22052292,  0.00841457,  0.10963385,
         0.19267173, -0.14262704,  0.15673698, -0.14913131,  0.09572623,
         0.48531343]]), array([[ 0.14143938,  0.02106166, -0.27452898, -0.33586822, -0.2635594 ,
        -0.13059808, -0.25336813,  0.14302201,  0.12054345, -0.19389475,
         0.79064346]])]
#####################################
lbd:0,alpha:0.001,
 shape:[(10, 3), (7, 11), (1, 8)] 
loss: 0.6929935028369101
Final weights: [array([[-0.66190127,  0.39134565, -0.39074413],
       [-0.31651713,  0.39357032, -0.01228047],
       [ 0.45499117,  0.45563841,  0.46948642],
       [ 0.69928974, -0.50911349, -0.14669521],
       [ 0.18961607,  0.22241863, -0.76146215],
       [-0.13990847, -0.55687817,  0.9071085 ],
       [-0.15105068, -0.48748166,  0.21885462],
       [-0.0145776 , -0.09741051,  0.0425925 ],
       [-1.28125002,  0.00302969, -0.01966922],
       [-0.46193455, -0.20726648,  0.57903378]]), array([[-0.15473857,  0.38130273, -0.59718573, -0.21978877,  0.68896276,
         0.15495807, -0.10192223, -0.20438997,  0.27147072, -0.38889416,
        -0.44847121],
       [-0.54342792, -0.22293106, -0.26951915, -0.01472122, -0.51122607,
        -0.00664131, -0.52266151,  0.10025557,  0.07934734,  0.2840224 ,
         0.25442554],
       [-0.21583552, -0.04663926, -0.32743358,  0.36130637, -0.41317903,
        -0.08347292, -0.00824469, -0.08093374, -0.40865467, -0.50581813,
        -0.08885808],
       [ 0.31472823,  0.54004425,  0.05718761,  0.59138029,  0.85361776,
         0.61715978,  0.00711852,  0.08232429, -0.17354097, -0.09258732,
        -0.09547277],
       [-0.31169056,  0.36995724, -0.07598327,  0.00517554,  0.42594473,
        -0.16614585,  0.2298641 , -0.10184802, -0.38683891, -0.04382888,
        -0.1774673 ],
       [-0.11373088, -0.14603094,  0.05481894,  0.40900676, -0.03971964,
        -0.04877485,  0.38391556, -0.38518424, -0.38036938, -0.34852234,
        -0.03129446],
       [-0.73010703,  0.19217148,  0.26521811, -0.04395497, -0.0261761 ,
        -0.19662789, -0.57540956,  0.37630033, -0.07926565,  0.44187773,
         0.03198566]]), array([[-0.05405222, -0.16995126,  0.34406362,  0.03754067, -0.13140163,
         0.21841515, -0.21786008,  0.26563639]])]
#####################################
lbd:0,alpha:0.001,
 shape:[(10, 3), (10, 11), (10, 11), (1, 11)] 
loss: 0.6927068969404373
Final weights: [array([[ 0.45498176,  0.34251952,  0.69389296],
       [-0.19643102,  0.21136376,  0.41025064],
       [ 0.24807519, -0.03768335, -0.8471676 ],
       [-0.36061954, -0.1821617 ,  0.10106938],
       [-0.74106484,  0.92301861,  0.01544218],
       [ 0.48044158, -0.06617852, -0.20860018],
       [ 0.50043718, -1.20599806,  0.56753491],
       [-0.08659328,  0.48751591, -0.8393143 ],
       [ 0.4017899 ,  0.40549293,  0.31621498],
       [ 0.5531183 , -0.41256006, -0.31019128]]), array([[ 0.02995749,  0.15329948,  0.39730368,  0.01414265, -0.23622852,
         0.50350697, -0.34262822,  0.26860945,  0.28589231, -0.09377314,
         0.24384674],
       [ 0.40737766,  0.53544552,  0.43490778,  0.36241945,  0.25012593,
         0.04500121, -0.43849385, -0.24085671,  0.07673329,  0.11382122,
        -0.10101498],
       [ 0.14612137, -0.62225321,  0.12350951,  0.03335873,  0.25716307,
        -0.22439589, -0.25270087,  0.43869636, -0.68900504, -0.04007094,
         0.42824812],
       [ 0.23852307, -0.20361976, -0.45418291, -0.16840055, -0.13683241,
        -0.17290973, -0.19293747, -0.38033229, -0.56585833, -0.35166984,
         0.0493523 ],
       [ 0.67946653, -0.2194278 ,  0.20016957, -0.25933521, -0.03540119,
        -0.38052804,  0.05314656, -0.02219242,  0.15584924,  0.24987042,
        -0.15654354],
       [-0.21977638,  0.55769511, -0.37812265, -0.17164612,  0.52477761,
        -0.1678929 , -0.54620393,  0.21805219,  0.24797818, -0.1608036 ,
        -0.24689193],
       [-0.13102325,  0.01743819,  0.09764835, -0.28316509, -0.70725813,
         0.35331005,  0.05988667, -0.03307381,  0.24314526, -0.5415359 ,
        -0.11304877],
       [-0.16515081,  0.60545363, -0.14046638,  0.30536258,  0.00948884,
        -0.30785388, -0.08751699, -0.03114692, -0.10054094,  0.00598219,
         0.43162753],
       [ 0.1047151 ,  0.0677732 ,  0.22322894,  0.34909842, -0.50843056,
         0.02535958, -0.1851513 , -0.27699433,  0.28644109, -0.0717101 ,
        -0.32748158],
       [-0.3219886 ,  0.03179053,  0.0978402 ,  0.33964297,  0.04172747,
        -0.29415447,  0.82872249,  0.18901244, -0.30265702,  0.0723937 ,
         0.14379795]]), array([[-0.03821482, -0.08810906, -0.21196392, -0.22264826,  0.25078993,
        -0.16898577,  0.12905448,  0.32008151, -0.38178914,  0.23491525,
         0.07025353],
       [ 0.192285  , -0.09589482, -0.40905997,  0.01683989,  0.2073888 ,
        -0.08739967, -0.14446966,  0.14154432,  0.24349383, -0.44177222,
         0.41272073],
       [ 0.15170643, -0.15605517, -0.0899273 , -0.15230475,  0.05334747,
        -0.14808399, -0.05180085, -0.18846336, -0.38173903,  0.2682767 ,
        -0.14631817],
       [-0.13158492,  0.02157567,  0.05962763,  0.19765343,  0.29435272,
        -0.52780511, -0.37344926, -0.25538746,  0.33493461, -0.08164868,
        -0.07856516],
       [-0.30641709,  0.07660163,  0.0453173 , -0.66980006,  0.24019751,
        -0.20894883, -0.12837489,  0.18990851, -0.04237004, -0.53060816,
        -0.1066816 ],
       [ 0.07547604, -0.16768339, -0.13180945,  0.02637936,  0.22088267,
         0.22131156,  0.40669242,  0.05296111, -0.33169562, -0.05845933,
         0.12948256],
       [-0.32608802, -0.00162108,  0.41869061, -0.06010017,  0.09301493,
        -0.29217181, -0.66543569, -0.39333779,  0.12641786,  0.03311229,
        -0.18924899],
       [ 0.08177503,  0.19799108, -0.2806719 , -0.10880884, -0.63651131,
        -0.37531988, -0.25373988, -0.00267812, -0.34449942, -0.3248776 ,
        -0.32091217],
       [ 0.13848626, -0.19060395, -0.2215003 , -0.0892154 , -0.11255875,
        -0.47292035,  0.04471811,  0.50738874, -0.38381876,  0.34649718,
         0.00069114],
       [-0.28402539, -0.22823165,  0.36802649,  0.26175402, -0.20143154,
        -0.35893383,  0.23311911,  0.40020352,  0.34271854,  0.31757419,
        -0.2055505 ]]), array([[-0.11352762, -0.39535225,  0.18266976, -0.0995782 ,  0.0098043 ,
         0.23180883,  0.34456111, -0.18809267, -0.07383047,  0.11079769,
        -0.06710184]])]
#####################################
lbd:0.001,alpha:0.01,
 shape:[(10, 3), (7, 11), (1, 8)] 
loss: 0.6924748439501129
Final weights: [array([[ 0.08251974, -0.91955609,  0.86822924],
       [-0.26091749,  0.90957016, -0.58970559],
       [ 0.25114976, -0.17896612,  0.29662882],
       [-0.70308525, -0.46494954,  0.22468808],
       [-0.4448334 , -0.10624611,  0.05554982],
       [-0.84440598,  0.05797293,  0.44349201],
       [-0.31746516, -0.43387757, -0.21933147],
       [-0.03522383,  0.13190128,  0.1873462 ],
       [ 0.66085734,  0.92900343, -0.29969742],
       [-0.67119792,  0.57818738, -0.47186649]]), array([[ 0.34425451, -0.38533564,  0.68383765,  0.18844572, -0.34233326,
         0.4492244 , -0.1431355 ,  0.11634101, -0.03664133,  0.23390917,
         0.05018808],
       [-0.05253211, -0.30502934, -0.01904325, -0.19786821,  0.28556597,
         0.05779058, -0.07530459,  0.18301734, -0.02595917, -0.40938402,
        -0.247753  ],
       [ 0.40195449, -0.14745874,  0.11975813,  0.11232291,  0.22404248,
        -0.14560521,  0.58261908,  0.10333923,  0.08590881, -0.21949871,
        -0.02269924],
       [-0.57315073,  0.13467295,  0.18491791, -0.10033853, -0.42121195,
         0.39543638, -0.06177709, -0.03720848, -0.23278667,  0.10798472,
         0.3248276 ],
       [-0.19429861, -0.07674845,  0.50776787, -0.17419135, -0.21298821,
        -0.15497165,  0.1036123 ,  0.00468468, -0.30634699,  0.05065867,
        -0.1798747 ],
       [ 0.345592  ,  0.09135732,  0.03602389,  0.17005864, -0.24482894,
        -0.15386862,  0.09158881, -0.20155495, -0.12817214, -0.43399576,
         0.08204954],
       [ 0.30219779,  0.00751385, -0.01681839, -0.22408   ,  0.2338858 ,
        -0.08494475,  0.26246812, -0.30022643,  0.67129284,  0.35304946,
         0.14280316]]), array([[-0.07175697,  0.04610682,  0.43372103, -0.29934983, -0.0078859 ,
        -0.13672706,  0.28971934, -0.0943987 ]])]
#####################################
lbd:0.001,alpha:0.01,
 shape:[(15, 3), (15, 16), (1, 16)] 
loss: 0.6932680321096988
Final weights: [array([[-0.41038005, -0.0508711 ,  0.20499172],
       [ 0.59029828, -1.19359056, -1.35897667],
       [-0.3207761 , -0.32795721,  0.14760062],
       [-0.09148515, -0.05545799, -0.09169553],
       [ 0.17673072,  0.09088116, -0.7449895 ],
       [ 0.01734663, -0.25946114, -0.77536925],
       [-0.0353886 ,  0.86448109, -0.54764526],
       [ 0.49343219, -0.07602033, -0.09184735],
       [-0.65802112, -0.29886818, -0.30014974],
       [-0.08413706, -0.2614327 ,  1.06588435],
       [-0.89534878,  0.75081583,  0.08038134],
       [-0.26956361, -0.67429536, -0.38235695],
       [-0.06764167,  1.01160346, -0.02298987],
       [-0.24960112,  0.86625007, -0.0747356 ],
       [ 0.27787261,  0.10360095,  0.15794498]]), array([[ 2.36575078e-01,  1.54793267e-01, -1.32127379e-02,
        -1.49850205e-01, -1.73069764e-01,  1.80218284e-01,
         1.16549423e-03,  1.42108563e-02, -1.84380645e-01,
        -3.31646135e-01,  1.32176249e-01,  2.26297865e-01,
         1.17874843e-01, -2.79285197e-02, -3.21221061e-02,
        -1.46805368e-01],
       [ 2.31382627e-01, -1.25811487e-02,  1.22610702e-01,
        -1.10421372e-01, -5.79350744e-02,  1.35161209e-01,
         1.30763821e-01,  9.99062555e-02, -1.73464836e-01,
        -3.06895005e-01, -4.16479794e-01, -2.59986754e-03,
         1.15584335e-01, -1.96540981e-01, -3.01125855e-01,
        -2.39022910e-01],
       [ 2.41904932e-01, -2.79055865e-01, -1.37593119e-01,
        -2.69503894e-01,  3.76335418e-01, -3.02589642e-02,
        -3.25225409e-01,  3.30059335e-01, -3.31023636e-01,
        -2.42402671e-01,  4.82890114e-02,  1.92115562e-01,
        -1.82058563e-01, -8.78378844e-02,  1.37340680e-01,
         1.05171408e-01],
       [ 1.21437980e-01,  1.81516720e-01,  1.15773612e-01,
        -1.34120449e-01, -4.30599361e-01, -2.80729598e-01,
        -6.78748784e-02, -6.71203324e-02, -2.32620751e-01,
        -2.31559705e-01,  5.16653606e-02,  9.21362723e-02,
        -1.60614675e-01, -2.04844324e-02,  1.50249849e-01,
         7.82226060e-02],
       [ 2.14536037e-02, -2.07808955e-01,  2.76531211e-01,
        -2.68379226e-02,  1.76602677e-01,  5.23044168e-02,
        -3.81512607e-02, -1.16516459e-01, -2.49212074e-02,
         6.37088777e-02,  1.50615162e-01,  4.06408763e-01,
         4.25712782e-01,  2.82351606e-01, -3.67238755e-01,
         2.82059022e-01],
       [-1.65287363e-03, -2.40263666e-01, -6.33359444e-02,
        -1.18276807e-01, -4.12080871e-01,  3.98270584e-01,
        -1.14367060e-01,  3.20634000e-01, -2.73223241e-01,
         4.06157057e-01,  1.47061227e-01, -1.51639155e-01,
        -1.41772843e-01,  2.64998661e-02,  1.97460350e-01,
         2.45417623e-01],
       [ 7.73007097e-01, -2.27115553e-01,  2.10590362e-01,
         5.54954674e-02, -2.71618450e-01,  4.30219871e-01,
         4.99072681e-01,  6.12720923e-02,  1.12286258e-01,
         1.73971242e-02,  2.21221403e-01, -7.59016441e-02,
        -2.09991879e-03,  1.79674974e-02,  6.06160827e-02,
        -7.30740664e-02],
       [-8.10721804e-03,  3.17776381e-01, -2.95965867e-01,
         1.54862502e-01, -1.36244086e-01,  2.39418295e-01,
        -2.88422083e-01, -9.97972865e-02, -1.91953696e-01,
         4.67124277e-01, -5.83277416e-02,  2.20725816e-01,
        -3.66911558e-02, -1.62439714e-01, -3.88449095e-02,
         5.76397361e-02],
       [ 1.41063285e-01,  4.15286035e-01,  1.00872713e-01,
        -1.60139012e-01,  3.66130048e-01, -6.81819665e-02,
         8.65657183e-02,  1.34542273e-01, -8.93721914e-02,
        -1.63506293e-01, -1.29473754e-01, -2.94939968e-01,
         3.48440496e-02,  3.16360133e-01,  2.52541402e-02,
        -1.51290994e-01],
       [-2.27506196e-01, -1.18690409e-01,  2.42132071e-01,
         2.20512059e-01, -2.22339435e-01,  6.05666339e-02,
         2.65489707e-01, -4.54686785e-01, -1.85893556e-04,
         3.17393369e-02,  4.32686754e-02,  2.01813445e-01,
         2.52555556e-02,  1.32879131e-01,  3.47684850e-01,
        -1.90070636e-01],
       [-2.53481822e-01, -1.57238809e-01,  1.24776972e-01,
        -3.28833075e-01,  2.46130054e-01, -3.26038167e-01,
        -6.59954030e-01,  1.67948499e-01,  1.22275879e-01,
        -5.50459142e-02, -6.45870398e-02,  1.96140844e-01,
         2.68279289e-01,  2.12683680e-02, -6.55912725e-02,
         8.55597352e-02],
       [ 2.38332670e-01, -1.09291786e-01,  1.24476311e-01,
        -5.13927011e-02, -1.33330745e-01, -1.18958493e-01,
        -1.16409986e-01,  1.57948635e-01,  5.95465739e-01,
        -4.21622168e-01, -2.66361392e-01, -4.34377930e-01,
         3.33126475e-01, -1.43366765e-01,  2.66114708e-02,
        -2.53524434e-01],
       [-3.55470114e-01, -1.93003411e-01, -1.77013086e-01,
         5.61511956e-02, -4.80959727e-01,  4.29937516e-02,
        -2.61776758e-01, -1.14619504e-01,  2.20336151e-01,
        -3.21408484e-01, -3.75220383e-02,  4.50142184e-01,
        -4.18458177e-01, -1.02967875e-01, -2.35946597e-01,
        -3.32997972e-01],
       [ 2.87129959e-01,  2.38353014e-01,  2.27030871e-01,
         1.55880823e-01,  1.78115206e-01,  2.04097597e-02,
        -8.84548142e-02, -3.52979388e-01,  2.53212232e-01,
         2.18952128e-01, -1.10861390e-01, -3.17313235e-02,
         1.78293768e-01,  3.41212774e-01,  8.00357699e-02,
         3.28428814e-01],
       [ 1.59205827e-01,  4.21069050e-01, -7.42994245e-02,
        -2.64509858e-01, -3.01088434e-01, -3.32340463e-01,
         3.89420334e-01,  4.32309640e-02, -4.53348946e-02,
        -2.77958169e-02, -4.22471814e-01,  3.33419414e-01,
        -1.04067993e-01,  2.88377021e-01,  2.38678375e-01,
         5.74971705e-02]]), array([[ 0.2766278 ,  0.00399705, -0.61254221, -0.40917044,  0.03226737,
         0.30628637, -0.08528271,  0.12562401, -0.03349663,  0.2048777 ,
        -0.14496536, -0.40079753, -0.27840703,  0.17390067, -0.00679246,
         0.15756192]])]
#####################################
lbd:0.001,alpha:0.01,
 shape:[(10, 3), (10, 11), (10, 11), (1, 11)] 
loss: 0.6923905959895928
Final weights: [array([[ 0.75999997, -0.52468603,  1.14288908],
       [ 1.12999387, -0.75716656,  0.58005937],
       [-0.38337734, -0.08011628, -0.43126981],
       [ 0.31418714, -0.98489648, -0.1253156 ],
       [ 0.99945943,  0.64494273,  0.62029298],
       [ 0.11150926,  0.79060654,  1.41222045],
       [ 0.86828853,  0.23609252,  0.54178479],
       [-0.22511671,  0.84325372,  1.05607319],
       [ 0.16780222,  0.07971155,  0.34602111],
       [ 0.78453008, -0.20909903, -1.23529403]]), array([[ 0.21417347,  0.01171389,  0.1511635 ,  0.60708112,  0.01601034,
        -0.24246354, -0.31278276,  0.03391364, -0.23604227,  0.23942627,
         0.28504019],
       [ 0.17280606,  0.33371161, -0.11849775,  0.1895675 ,  0.13429202,
         0.18120823, -0.51759586, -0.14943526,  0.12489991, -0.14031628,
         0.25369868],
       [-0.0306846 ,  0.20356109, -0.17228217, -0.04884632, -0.09144189,
        -0.25836713,  0.20877822, -0.39783865, -0.08806645, -0.31312481,
        -0.32844409],
       [-0.1284575 , -0.31365082,  0.55818849, -0.29047261,  0.35488209,
        -0.18381391, -0.2662766 , -0.0573035 ,  0.39410757,  0.12163433,
         0.30662608],
       [-0.53712732, -0.52608153, -0.16108234, -0.05172934, -0.11276953,
         0.09001638,  0.43175297,  0.18768978,  0.4830115 , -0.11249627,
         0.15668151],
       [-0.06070178, -0.18815817,  0.34484109,  0.05885612,  0.53959006,
         0.33339207,  0.25787518, -0.16650157, -0.39377867, -0.18785569,
         0.40694973],
       [-0.15091176, -0.24626447,  0.22978691,  0.2323699 , -0.56792777,
        -0.54149584,  0.47157202,  0.4564856 ,  0.16583896,  0.0096795 ,
        -0.23810943],
       [-0.38006349, -0.15675966,  0.163076  ,  0.12467084, -0.16640622,
         0.13846742, -0.30311721,  0.39374133, -0.36013909,  0.59866667,
         0.08986889],
       [ 0.45108354,  0.51919377, -0.31976235, -0.14520131, -0.06429886,
        -0.0559843 ,  0.22347331,  0.04146139,  0.34347529,  0.07808579,
         0.13393966],
       [ 0.38286851,  0.39259643, -0.24190735, -0.05132947, -0.42612184,
        -0.11871656, -0.46475201, -0.22216059, -0.36034107,  0.1319396 ,
        -0.0048736 ]]), array([[ 0.71987863,  0.47981933,  0.08769307,  0.01834447,  0.16602882,
        -0.10253385,  0.55476716, -0.09029172,  0.09801461,  0.00759269,
         0.61477611],
       [-0.71325005,  0.27646398,  0.23818755, -0.02153588, -0.02121928,
         0.01241506,  0.31978722, -0.25740602,  0.12176342, -0.77055582,
        -0.35623925],
       [-0.21882832,  0.30884611,  0.06730637, -0.01149213, -0.0514996 ,
        -0.29763333,  0.93205045,  0.29623751,  0.04812906, -0.07571335,
        -0.01199602],
       [ 0.20711808, -0.07389335, -0.22881082, -0.16220109,  0.21939873,
        -0.12204469,  0.0877446 , -0.08893451,  0.1668628 , -0.20326578,
        -0.2209862 ],
       [ 0.27758982,  0.35901016, -0.29127866, -0.52706557,  0.20755152,
        -0.15356791,  0.16597925, -0.36886032,  0.16121502, -0.16597166,
         0.2899531 ],
       [-0.27933633,  0.2991721 , -0.16141872, -0.06347644, -0.21880017,
        -0.13060235,  0.6715494 ,  0.35083313,  0.6075285 ,  0.28728108,
         0.32872885],
       [ 0.02336648,  0.10743618, -0.18784623,  0.25579909,  0.29894119,
        -0.2666019 , -0.24773932, -0.00310722,  0.12654186, -0.13431631,
        -0.29120437],
       [ 0.19991741, -0.37045489, -0.22293146,  0.01923686, -0.13158288,
         0.03884607,  0.00740341, -0.51667245,  0.21138912,  0.12597208,
         0.66378772],
       [ 0.1095504 ,  0.28260921,  0.35825986,  0.40071076,  0.00334711,
         0.42630491,  0.08488587, -0.34125034, -0.45576939, -0.25394285,
         0.14686731],
       [ 0.22341946, -0.00837985, -0.12219199,  0.14846756,  0.21763583,
        -0.30261988, -0.30628325, -0.07810794,  0.56425351,  0.59903415,
        -0.0020957 ]]), array([[-0.1302679 , -0.26160116,  0.4760099 ,  0.0672762 , -0.34042792,
         0.28648495,  0.54192135, -0.22974024,  0.30475419,  0.10288643,
        -0.54088311]])]
#####################################
lbd:0.001,alpha:0.001,
 shape:[(10, 3), (7, 11), (1, 8)] 
loss: 0.6937970657282404
Final weights: [array([[-0.3542418 , -0.74476339, -0.5537284 ],
       [ 0.32586031, -0.32908197,  0.61814646],
       [-0.01165651, -1.00164196, -0.06041037],
       [-0.40366154, -1.20874384,  1.24494528],
       [-0.48061818, -0.61703485, -0.14710995],
       [-0.4088525 ,  1.23379853,  0.02078998],
       [ 1.08971165,  0.29793328,  0.23670887],
       [-0.32293382, -0.27121609, -0.13412102],
       [ 0.16471158, -0.32327626,  0.04258112],
       [-0.17976901,  0.16385458,  0.11901052]]), array([[-0.0999757 , -0.03100356, -0.19301381,  0.22358515,  0.16494032,
         0.17603617,  0.09322406, -0.48784791, -0.00169368,  0.3293989 ,
         0.08983526],
       [-0.68835587, -0.16109861, -0.42458145,  0.40755811,  0.27227551,
        -0.19274935,  0.13822547,  0.42691779, -0.4053264 ,  0.16517882,
         0.21687571],
       [ 0.13615989,  0.07523399, -0.36806371, -0.37850378,  0.32406064,
         0.11157701,  0.02676006,  0.11371876, -0.23207443,  0.0671187 ,
        -0.05187355],
       [ 0.15118626, -0.04305326,  0.00764695, -0.70307328, -0.36293817,
         0.02610298,  0.12320991, -0.36477623,  0.18774478,  0.2595058 ,
         0.01894534],
       [ 0.12940785,  0.28317109,  0.0834507 ,  0.50168481,  0.32852723,
        -0.29957437,  0.56693935,  0.21772108, -0.56170237,  0.28098736,
        -0.21189244],
       [-0.08327693, -0.16507235,  0.08671017,  0.08888207, -0.2843942 ,
        -0.30357735, -0.0936434 ,  0.02608253, -0.01099359, -0.19232752,
        -0.03272057],
       [-0.09292038,  0.1389771 , -0.42720065, -0.20018864, -0.4037715 ,
         0.18554189,  0.62310919,  0.19612107, -0.076803  , -0.02972542,
        -0.11050836]]), array([[ 0.54318248,  0.13194502, -0.01125773, -0.12957662, -0.0760844 ,
        -0.00296785, -0.89866251, -0.18854642]])]
#####################################
lbd:0.001,alpha:0.001,
 shape:[(15, 3), (15, 16), (1, 16)] 
loss: 0.6937260348354048
Final weights: [array([[-1.23800686, -0.94529021,  0.32827112],
       [-0.05870231, -0.0114405 , -0.2454462 ],
       [ 0.29868593,  1.31618958,  0.25614264],
       [-0.02824305, -0.30600062, -0.37403695],
       [-0.42146212,  0.27532285, -0.00751428],
       [-0.16009631, -0.72283226, -0.72962146],
       [ 0.11499715, -0.999913  ,  0.15540381],
       [-0.43984969,  0.05939719, -0.35782942],
       [ 1.2572358 ,  0.11225377, -0.2361743 ],
       [-0.28676848, -0.27343804, -0.7191138 ],
       [ 0.34011567, -0.17977806,  0.72769046],
       [-0.32636495, -0.4401118 ,  0.65501879],
       [-0.38412939,  0.24305422,  0.95189765],
       [ 0.27571994,  0.06691155,  0.2432486 ],
       [ 0.16335374, -0.94111224, -0.25593529]]), array([[-2.31019019e-01,  2.43303285e-01, -3.72199772e-01,
         5.31773062e-02,  2.60204301e-01, -2.19650711e-01,
        -3.75717357e-01,  1.46962912e-01,  7.10862702e-02,
        -1.09495034e-01, -1.04422149e-01,  2.57902150e-01,
        -2.07335612e-01,  2.93232778e-01, -1.03392096e-02,
         2.02194714e-01],
       [ 8.04980459e-02,  1.60200221e-02,  8.40397882e-02,
         2.55402309e-01,  1.17799252e-01, -6.96193992e-01,
         3.07805298e-01,  4.20550926e-02,  1.63240101e-01,
        -1.64008316e-01,  2.56224844e-01,  1.94977358e-01,
        -2.25044530e-01,  6.74785930e-01,  1.70751411e-01,
         6.24571116e-03],
       [-1.63455781e-01,  3.37825200e-04,  1.54264549e-01,
        -1.95472075e-01,  4.09469435e-02,  3.02579663e-02,
        -2.59961968e-01,  3.43715930e-01, -2.68019662e-01,
        -5.98176353e-02,  2.76647508e-01,  5.70250555e-02,
        -1.08460470e-01, -1.00615112e-01,  3.71559395e-01,
        -1.78078832e-01],
       [ 2.29822460e-02, -3.49210171e-03, -6.25706793e-02,
         2.66661555e-01, -2.26964153e-01,  3.72195180e-01,
         3.16655141e-01,  2.41259463e-01,  8.93308746e-02,
        -1.08715655e-01,  2.73482967e-01, -1.71537397e-01,
         2.28545818e-01, -1.35136811e-01, -1.61905693e-01,
        -3.60877359e-01],
       [-2.05185428e-01, -8.31888695e-02,  4.08050398e-02,
         1.02993015e-01,  8.17333796e-02, -4.20436523e-02,
         4.19544403e-02, -2.77114197e-01,  3.25411459e-01,
        -1.13094073e-01, -2.96453408e-01, -4.47874106e-01,
        -1.43727968e-01,  4.87308133e-01, -4.64329900e-01,
        -1.38468041e-01],
       [-2.46195151e-01, -1.30128942e-01, -1.70418056e-01,
         6.14546194e-02,  1.77496428e-01, -1.34732103e-04,
         1.00510764e-01,  2.41877941e-01,  1.79351212e-01,
         9.76607427e-02, -7.46849867e-03, -4.24305189e-01,
        -1.97343151e-01,  3.39994508e-01,  2.09681655e-01,
        -4.50624812e-01],
       [ 5.91434278e-02,  4.29405648e-01,  4.93806460e-02,
         5.03857299e-03,  8.62303218e-02,  1.85707922e-01,
        -1.85369268e-01,  1.23432614e-01, -2.44509112e-01,
        -1.17393434e-01,  2.75137202e-01,  2.12057473e-02,
         2.64880686e-03,  1.32901052e-01,  2.91784994e-02,
         6.06382056e-02],
       [-6.34663917e-01,  1.66579042e-01,  7.28820280e-02,
        -1.58916174e-01,  2.13294025e-01, -3.85827252e-02,
         4.05468347e-01, -3.93799310e-01, -2.40977880e-02,
         6.92375693e-02, -1.56329059e-01,  1.36818873e-01,
         1.73821847e-01,  1.77807606e-01,  1.98977461e-03,
         7.26878034e-02],
       [ 4.97773339e-02,  4.17951245e-01, -2.99479228e-01,
         2.73457636e-02, -1.18210796e-02,  8.53235304e-02,
         2.69646670e-01,  1.33781564e-01,  1.76407764e-01,
        -1.27445566e-01, -3.30108250e-01,  2.36639649e-02,
         1.85554502e-01,  7.42784207e-02,  4.80751882e-02,
         1.15725893e-01],
       [-2.52462687e-01, -3.14965421e-01, -4.86813410e-01,
         1.22576579e-01,  3.66397625e-01, -1.27513087e-01,
         2.31776481e-02,  2.04802428e-01,  1.26736004e-01,
         4.36878512e-01, -2.00234271e-02, -4.86351923e-02,
        -2.31105876e-01, -2.32502654e-01, -1.20392118e-01,
         8.82196271e-02],
       [-1.23405522e-01,  1.00921143e-01,  5.97589531e-02,
         1.35233461e-01,  2.00822360e-01,  4.08120935e-02,
        -2.54896963e-01, -1.24618019e-01, -3.28704811e-01,
         1.47605634e-01,  3.66119128e-02,  1.96825322e-01,
         6.66447091e-02,  4.12122570e-01, -1.39068204e-01,
         4.96108502e-03],
       [-1.60440568e-01, -2.10628528e-01,  1.52746010e-01,
         2.85526988e-01,  1.06814114e-01,  1.48321176e-01,
        -4.32945820e-01, -2.33653698e-01, -1.02456521e-01,
        -1.45884781e-01, -3.70646172e-01,  3.89283031e-01,
         3.30877919e-01, -3.36551790e-01,  1.13712964e-01,
        -6.82326088e-02],
       [ 3.84127082e-01, -1.80463559e-01,  9.39655222e-02,
         2.71017358e-01,  1.79669096e-01,  1.44232334e-01,
        -2.40022860e-01,  7.05466737e-02, -2.02404931e-01,
         5.99373133e-01, -1.26459243e-01, -4.89960162e-02,
         3.25155644e-01,  2.60797023e-01, -1.24083555e-01,
         5.16721896e-02],
       [ 7.66272361e-02, -1.05170308e-01,  3.79755783e-03,
        -1.59414387e-01,  2.75369333e-01, -4.29493914e-01,
        -4.16902420e-02, -3.31551079e-02,  3.67768984e-02,
        -2.71472878e-02,  2.45699788e-01, -7.98760649e-02,
         2.24394634e-01,  2.79037630e-01, -2.10987033e-02,
         3.95671213e-02],
       [ 1.57413813e-02,  1.79319495e-01,  1.92098447e-01,
        -9.81698611e-02, -6.66766231e-01, -3.73410390e-01,
        -1.66905162e-01, -2.21888797e-01,  4.42966890e-03,
        -1.92905946e-02,  1.88014925e-01, -1.60094010e-01,
        -8.63695725e-02, -5.25452166e-01, -9.11234277e-02,
        -2.55166070e-01]]), array([[ 0.17526885, -0.22068648,  0.02898436,  0.04663416, -0.2930657 ,
         0.26159961, -0.08650008,  0.11589152,  0.30673861, -0.024742  ,
         0.16741269,  0.07440623,  0.04444803, -0.28090757, -0.01931203,
        -0.23222752]])]
#####################################
lbd:0.001,alpha:0.001,
 shape:[(10, 3), (10, 11), (10, 11), (1, 11)] 
loss: 0.6984364574013648
Final weights: [array([[-1.03194176,  0.58441903,  0.27710607],
       [ 0.37988623, -0.27674827, -0.89293071],
       [-0.7595161 , -0.56441226,  0.65245034],
       [ 0.25473414, -0.18399658, -0.58781079],
       [-0.63636215,  0.15499593, -0.27688527],
       [ 0.17327416, -0.21947962,  0.17616796],
       [ 0.21524189,  0.85181228, -0.18541706],
       [ 0.01870397,  0.29584024, -0.26215259],
       [-0.47622071, -0.30275641,  0.43957147],
       [-1.06567482,  0.83316193,  0.76013889]]), array([[-0.6162852 ,  0.35580975,  0.21631472,  0.40907724,  0.16547988,
        -0.23226126,  0.05430563,  0.09899601, -0.07175497, -0.08290117,
        -0.19114411],
       [ 0.43697325, -0.67196963, -0.25228222, -0.27734624, -0.12520923,
        -0.09690629,  0.2194004 ,  0.09671049, -0.01178382,  0.24797713,
         0.04359381],
       [-0.33179335,  0.18137998,  0.01817538, -0.04413555, -0.17985386,
         0.10437244, -1.00645282, -0.11694184,  0.47593759, -0.17815274,
         0.38554577],
       [ 0.07688184, -0.11844096, -0.12015952,  0.23755595, -0.0291064 ,
        -0.4671071 ,  0.04375157,  0.13562821, -0.50893443, -0.21245403,
        -0.73010405],
       [ 0.15506602, -0.095022  , -0.27021589, -0.27227314,  0.27496655,
         0.10950463,  0.18488127,  0.13270218,  0.09958131, -0.09292616,
        -0.11984555],
       [ 0.26885398, -0.18039708,  0.2162905 , -0.11475871, -0.32804006,
         0.00888915, -0.03366104, -0.09740433,  0.04944254, -0.29088409,
         0.0735312 ],
       [-0.11437469, -0.06958992,  0.61919073, -0.07357945, -0.56181067,
         0.40970089,  0.0083655 , -0.16924594,  0.2907443 ,  0.64150842,
        -0.45890469],
       [ 0.61109945,  0.39748319, -0.28030926, -0.43807236,  0.00249781,
         0.63202953, -0.15335633,  0.15759183, -0.50080838, -0.29447364,
        -0.13845106],
       [ 0.16491872,  0.10149868,  0.05555617,  0.38866415, -0.29076114,
         0.2913169 ,  0.06808629,  0.25196675,  0.28659094,  0.05432631,
        -0.03914112],
       [ 0.0033655 ,  0.20308319,  0.0256326 , -0.36647072,  0.2003264 ,
        -0.18187454,  0.406373  , -0.11432429,  0.00276972, -0.21230788,
        -0.47586623]]), array([[ 3.89080414e-01, -1.39190173e-01,  4.82805806e-02,
        -1.50057125e-01,  9.87469231e-02,  3.81948705e-01,
         8.08782552e-01, -1.16575070e-01,  3.37853947e-01,
        -5.77555236e-02,  9.74418759e-02],
       [-4.96832242e-02,  3.87858015e-01,  1.81183257e-01,
        -1.32754036e-01, -4.61940549e-02,  2.07642804e-01,
         1.90273327e-01,  4.81260914e-01,  3.00475490e-01,
         8.80728749e-02,  5.42113243e-03],
       [-1.70602545e-01, -6.41529464e-04, -4.23427818e-02,
         1.56416229e-01, -9.64840789e-02,  4.56963545e-01,
         1.61284288e-01, -2.73154616e-01,  1.58358939e-01,
        -4.28115400e-01,  7.60053787e-02],
       [-5.60460006e-01,  1.14000607e-01,  2.25553943e-01,
        -3.27553736e-01, -2.03117655e-01, -1.17360627e-02,
        -3.30602973e-01,  6.14275632e-01,  1.86402463e-01,
        -1.49208154e-01,  2.14250842e-01],
       [-3.45445224e-01, -2.99871000e-02, -2.69790574e-01,
         4.02199996e-02, -1.44781726e-01,  8.71863348e-02,
         6.16866670e-01, -8.09762325e-02,  6.70931642e-01,
        -5.14956354e-01, -1.41276347e-01],
       [-2.03080333e-01,  3.14224609e-01,  2.78529585e-01,
         2.27920578e-01, -5.37467748e-01,  2.67289378e-02,
        -1.21366133e-01,  1.34628084e-01, -2.48445803e-01,
        -2.25355462e-01, -1.53940392e-01],
       [ 2.50855033e-01,  1.22801308e-02,  1.05769123e-01,
        -1.89879687e-01,  4.68538722e-01,  3.77060609e-01,
         1.28090982e-01, -1.16360272e-01,  6.31710042e-02,
        -8.98422213e-02, -4.19594952e-01],
       [-1.82517090e-01,  4.89643515e-01,  3.16035683e-01,
        -2.17153486e-02,  2.60179601e-01,  1.58759620e-01,
         1.18661066e-01,  3.97709094e-02,  2.69386866e-01,
         3.58131581e-01,  2.87617720e-02],
       [-5.72043489e-01,  3.49099121e-01, -2.55859601e-01,
         1.41098132e-02, -4.60708215e-01,  1.01633002e-01,
         4.79488323e-02, -2.92029225e-01,  3.27807957e-01,
        -3.91488395e-02, -3.05212485e-02],
       [ 8.17615668e-02,  7.49665364e-03,  7.19601875e-01,
         3.66874920e-01,  1.10321990e-01, -4.12911545e-01,
         1.37911060e-01, -1.95421860e-01, -1.80070609e-01,
         1.83774270e-01, -4.33807077e-01]]), array([[ 0.13165328,  0.0858159 ,  0.30887871, -0.09616756, -0.68383734,
        -0.02843488,  0.09158502,  0.28372716, -0.48864306, -0.31467389,
        -0.14612076]])]
#####################################
lbd:0,alpha:0.1,
 shape:[(15, 3), (15, 16), (1, 16)] 
loss: 0.6915012313884632
Final weights: [array([[-0.58034614,  0.62797613, -0.49499853],
       [ 0.22111874,  0.92041688,  0.13606625],
       [-0.47338482,  0.38759295, -0.60657503],
       [ 0.37134854, -0.55897447, -0.75804119],
       [-1.2367337 ,  0.65872264,  0.50836989],
       [ 0.43020528,  0.13616229,  1.25977886],
       [-0.32010506,  0.63545252,  0.68625625],
       [-0.33458185, -0.06683796, -0.41725927],
       [-0.50166049,  0.72523507,  0.02771617],
       [-1.30726016,  0.12037154, -0.5467057 ],
       [-0.17133039, -0.78374889, -0.41140705],
       [-1.0207096 , -0.36793492,  0.26977879],
       [ 0.33914416, -0.31318363, -0.46675894],
       [ 0.31119622, -0.50006402,  1.25445927],
       [ 0.10060754,  0.23890876, -0.52460967]]), array([[-0.00913655,  0.37310546, -0.33781125,  0.08626331, -0.40226829,
         0.34193196,  0.00085063,  0.4021967 ,  0.08682835, -0.2044372 ,
        -0.07384772,  0.05058753, -0.07405583, -0.29609519,  0.08961396,
         0.07598823],
       [ 0.13858874, -0.21413609,  0.18001433,  0.21513753,  0.23183449,
         0.0472056 , -0.323084  ,  0.28414232, -0.12085612, -0.19189222,
         0.41079703,  0.00926628,  0.17256849,  0.16460647, -0.04498438,
         0.00747837],
       [-0.33167351,  0.41544387,  0.19509213, -0.30363564, -0.25732049,
         0.06886189,  0.48099381, -0.10318204,  0.22015822, -0.06271285,
        -0.60313195, -0.03671005,  0.11593869,  0.03522676, -0.27331285,
        -0.23995864],
       [ 0.1248577 , -0.26382411,  0.10482391, -0.37498968,  0.10751924,
         0.13976698,  0.29379717,  0.20032519,  0.19065419, -0.08042775,
         0.22452173,  0.06697036,  0.30682369,  0.19686613,  0.35810039,
         0.32606892],
       [ 0.05348964, -0.54965443,  0.32212409,  0.2417452 , -0.19498042,
         0.06416228, -0.2888732 ,  0.20529296,  0.0676959 ,  0.07026084,
        -0.36287853, -0.24660699,  0.70576189, -0.59924225,  0.06047983,
        -0.38495809],
       [ 0.29880638,  0.12757425, -0.74481261,  0.36202879,  0.13911826,
         0.73786432,  0.00363555,  0.21186907,  0.00098564,  0.24653904,
        -0.06949213, -0.15403822,  0.40057928,  0.007046  ,  0.05956827,
        -0.15526445],
       [-0.55025873, -0.43115563, -0.06795153,  0.02344372, -0.24925794,
        -0.05214674, -0.04435144, -0.39150919,  0.11306829,  0.24543818,
         0.6647512 , -0.27463997, -0.11166281, -0.30823751,  0.43162406,
         0.13441464],
       [-0.40229135, -0.24934047,  0.42990031,  0.1188362 , -0.63933948,
        -0.18979401, -0.55697094, -0.00105065, -0.32320893,  0.15547924,
         0.08222833, -0.06230216,  0.04304729, -0.57208883, -0.25640081,
         0.0344833 ],
       [ 0.06979391, -0.3739769 , -0.06102206,  0.05513527,  0.02708764,
        -0.01679031,  0.01400614,  0.15897078, -0.12078224, -0.21026799,
         0.05391995, -0.17813997, -0.36600398,  0.02026538,  0.19144994,
         0.24524732],
       [-0.04971466, -0.02606974, -0.02170347,  0.02628029, -0.0136055 ,
         0.33674837,  0.26286745, -0.38604302, -0.06360303,  0.04565194,
        -0.28278538, -0.26098951, -0.31534062, -0.03779667, -0.13951872,
         0.05752321],
       [-0.05750415, -0.33077955,  0.25933148, -0.04680076,  0.18463686,
         0.47422589,  0.10531077,  0.23674634, -0.03211459, -0.07192749,
        -0.14219282,  0.13831273, -0.14262607,  0.06464707, -0.06128603,
        -0.3178282 ],
       [ 0.11466516, -0.19820013,  0.17756153,  0.12965334,  0.16932596,
         0.109375  , -0.24704834, -0.16914451,  0.11392308,  0.05641455,
        -0.18738621, -0.12864959, -0.10057724, -0.05601508, -0.03766117,
         0.00573367],
       [ 0.4049616 , -0.69247607,  0.22612587,  0.2105039 ,  0.54948606,
        -0.25446445, -0.14560887,  0.50395151, -0.1164703 ,  0.23256027,
        -0.0194616 , -0.10169888, -0.43960772, -0.49736719, -0.32365484,
        -0.15072343],
       [-0.03573577, -0.34832757, -0.29805289,  0.22408275, -0.20572869,
         0.14752248, -0.01625915,  0.0733698 , -0.26343975,  0.21974613,
        -0.11600255, -0.02226129, -0.40251516, -0.77594209, -0.00279673,
         0.24386695],
       [ 0.20510332,  0.24615611, -0.36695226, -0.80045529, -0.36661271,
         0.1430968 ,  0.42566913, -0.01916746, -0.13774437, -0.11344   ,
        -0.12612655,  0.34029001,  0.17318084,  0.05793656,  0.14200229,
        -0.03193748]]), array([[-0.27984057, -0.38796572,  0.03578932, -0.09012122,  0.09708888,
         0.1158867 , -0.11056014,  0.41634848, -0.46054788,  0.23781684,
         0.32192113,  0.3879476 , -0.19075193, -0.11740441,  0.09253015,
        -0.08831195]])]
#####################################
lbd:0,alpha:0.1,
 shape:[(10, 3), (10, 11), (10, 11), (1, 11)] 
loss: 0.6918571320678255
Final weights: [array([[-0.11666259, -1.02588034, -0.14169409],
       [-0.53123221,  0.97957398, -1.13398975],
       [ 0.73055258,  0.1550698 , -0.29438585],
       [-0.12550272, -1.37336605,  0.64872972],
       [ 0.2823427 ,  0.02045335,  0.33483616],
       [-0.03665478, -1.16906164,  0.53670704],
       [-0.18699755,  0.31952459, -0.36564996],
       [ 0.36361591,  0.38233965, -0.79656181],
       [-1.35016983, -0.37543077, -0.48604153],
       [ 0.35147153, -0.53052609, -0.02768099]]), array([[ 0.38517903, -0.14493454, -0.07548572,  0.37805419,  0.09758388,
         0.12008283,  0.65037295,  0.03369082,  0.2930444 , -0.03288455,
         0.34853369],
       [ 0.46219254,  0.39925711, -0.09341409,  0.04963989, -0.48196077,
        -0.37069732, -0.04550075, -0.3407854 ,  0.20598767, -0.26259722,
        -0.48349079],
       [ 0.03085553, -0.44736122, -0.2828908 , -0.21224028, -0.26068846,
         0.55105412, -0.08312983,  0.10303607,  0.44030227, -0.60264907,
        -0.4719697 ],
       [-0.14025612,  0.46009351,  0.1807958 ,  0.29843653,  0.33437778,
        -0.33693739, -0.57534077,  0.43854431, -0.09981932, -0.71229422,
        -0.55890035],
       [ 0.14218873,  0.28768304, -0.06319524,  0.07900859,  0.24175225,
         0.05177811, -0.15391942, -0.04834887,  0.36441391,  0.36135839,
        -0.10673657],
       [ 0.04621008, -0.35119948, -0.02647192,  0.46358107,  0.14385161,
        -0.04785934,  0.12378507,  0.44505393, -0.18845676, -0.03373183,
         0.04225495],
       [ 0.16036448,  0.19011267, -0.61729612, -0.07548738, -0.06377002,
        -0.16238523, -0.01050634, -0.00505265,  0.54210573,  0.16334512,
         0.23264563],
       [-0.14517237, -0.01000825,  0.06146285, -0.17568333,  0.08296638,
        -0.07774995,  0.32892658, -0.1464549 ,  0.08355688,  0.34845857,
         0.19223688],
       [ 0.09558464,  0.07082199,  0.22993947,  0.05282589, -0.33994337,
        -0.37913204, -0.18647562,  0.00742573,  0.47276673,  0.1158673 ,
         0.17966022],
       [-0.28172689, -0.20704055, -0.29335325,  0.07320054, -0.00764961,
         0.38515894,  0.07229544,  0.49422835, -0.50533703, -0.37903057,
         0.03204682]]), array([[ 5.27210165e-01, -1.82119821e-01,  3.88703577e-02,
        -1.33270790e-01, -4.86919053e-02, -2.06919474e-01,
         4.68329737e-01, -2.05849659e-01, -1.14857274e-01,
         8.72399984e-02, -5.20899788e-01],
       [-3.82583644e-02,  1.31366631e-01, -1.00241688e-01,
         1.57898331e-01,  3.11243695e-01, -2.28456226e-01,
         2.90605914e-02, -1.49804116e-02,  2.44054385e-01,
        -1.02373392e-02,  1.83184566e-01],
       [-5.65627998e-02, -2.10235049e-01, -3.71895141e-01,
         6.52699079e-02, -1.83925556e-01, -2.37463254e-01,
         4.14804450e-01, -5.26841240e-01,  1.19816702e-01,
         1.39788480e-01,  4.92273300e-01],
       [ 2.23568925e-01,  3.58921375e-02,  3.31042182e-01,
         2.33329387e-01, -4.05044348e-01, -8.41177564e-02,
        -5.77641191e-01,  7.84341372e-02, -1.51495688e-01,
        -1.40538200e-01,  1.98800764e-01],
       [ 5.07531539e-01,  7.55065829e-01,  9.90740770e-02,
        -1.37917068e-01, -3.27433522e-01,  1.87869175e-01,
        -8.15693566e-02,  6.42980782e-01,  3.37794321e-01,
        -2.75715225e-01,  8.81607155e-04],
       [ 1.24747318e-04, -3.02738057e-01,  1.46791394e-01,
         2.63315796e-02, -9.61441428e-02,  2.90819957e-01,
         1.82948242e-01, -1.24319507e-01, -3.14528348e-01,
         1.17750385e-01, -3.84037553e-02],
       [ 4.76570711e-01, -1.60145886e-01,  5.28869095e-01,
        -4.48450629e-01, -2.15488429e-01,  6.49328283e-01,
         1.63896862e-01,  5.65607899e-01, -1.61839913e-01,
        -1.16581700e-01, -1.40357205e-02],
       [-8.34438781e-02,  6.03852889e-01, -2.62092651e-01,
        -1.30357843e-01, -6.50526380e-02, -1.91023055e-01,
         4.75936006e-02, -8.63097311e-02,  8.48913598e-02,
         1.58546698e-01, -3.70463421e-02],
       [-2.32909845e-01, -3.35281465e-01,  1.45619593e-01,
        -2.30622755e-01, -5.86918450e-02,  3.52330347e-01,
         9.86186078e-03, -1.98771915e-01,  1.77798521e-01,
         1.19472100e-01, -5.01122037e-01],
       [ 5.51557535e-02,  7.91877654e-02,  1.78464148e-02,
         3.19493938e-01,  1.60633793e-01, -1.01475771e-01,
        -7.34350753e-02, -7.93502162e-02, -3.79280211e-01,
        -1.44629588e-01, -5.37703192e-02]]), array([[ 0.29725003, -0.20110494,  0.41885627, -0.13528144, -0.0834878 ,
        -0.19220025,  0.17057668,  0.23689429, -0.29711685, -0.49192708,
        -0.39288456]])]
#####################################
lbd:0,alpha:0.1,
 shape:[(15, 3), (25, 16), (15, 26), (1, 16)] 
loss: 0.6918310471686129
Final weights: [array([[-0.40814659,  0.56782792, -0.77496351],
       [-0.41488787,  0.10724338, -0.75747661],
       [ 1.00807511, -0.65670602, -0.14098266],
       [-0.66258351, -0.07117303,  0.42891583],
       [ 0.08786292,  1.27157646, -0.0108353 ],
       [-0.43849311,  0.31839364,  0.31446123],
       [ 1.24896922,  0.26283992, -0.65640906],
       [-0.54403152,  0.2685651 , -0.71328327],
       [-0.20137188,  0.52023043, -1.55236696],
       [-0.33860382,  0.2706207 ,  0.78994963],
       [-0.05371741,  0.60006626, -0.10573579],
       [ 1.07172319, -0.17250606,  0.51447239],
       [-0.86504901,  1.3761532 ,  0.2021544 ],
       [ 0.51423889,  0.51620069,  0.02932508],
       [ 0.9983612 ,  0.12229723,  0.6236644 ]]), array([[-0.06560468,  0.01122943,  0.26282442, -0.07342781, -0.13778506,
         0.24312661,  0.65142629,  0.5262665 ,  0.29756219, -0.56297048,
        -0.24842407,  0.36232587,  0.1198908 , -0.21355   ,  0.03202162,
         0.3784232 ],
       [ 0.25940725,  0.20231287,  0.08671683,  0.04862536,  0.11893919,
        -0.06671376,  0.19979378,  0.34512364, -0.27686901,  0.18050342,
        -0.07156042,  0.22586861,  0.43284399,  0.12953296,  0.28631366,
         0.149902  ],
       [-0.04154081,  0.23936422, -0.10879131,  0.04774756,  0.03417383,
         0.05948861,  0.27357023, -0.20540695, -0.14173373, -0.12614051,
         0.16406736,  0.5123215 , -0.2238538 ,  0.24065349,  0.23231542,
        -0.02546874],
       [-0.17070499, -0.06004787,  0.2594128 ,  0.07023354, -0.08633825,
        -0.20736078, -0.42459587, -0.12714553,  0.07440824, -0.2965143 ,
        -0.35536115, -0.05131061, -0.35724016, -0.14475896,  0.26462296,
         0.1151651 ],
       [-0.01850082,  0.00667183,  0.0526211 ,  0.00797843,  0.15262681,
        -0.00486197,  0.02302311,  0.17536877,  0.20839513,  0.16703193,
         0.07364094, -0.01623186, -0.02269001,  0.36015472,  0.37876879,
        -0.35397802],
       [ 0.2466721 ,  0.14818945,  0.37338372, -0.51270675,  0.19630508,
         0.49466048, -0.130454  , -0.09600639,  0.38724643,  0.04610682,
         0.48230468,  0.20041503, -0.32162173, -0.3920567 ,  0.24667507,
        -0.38311358],
       [ 0.37378269,  0.18897431, -0.09219582, -0.22375481, -0.16000476,
         0.35569771,  0.11162871,  0.2133994 ,  0.15179389,  0.11882017,
        -0.14667146,  0.04348779, -0.28959576,  0.21372236, -0.09523065,
         0.16964799],
       [-0.02022915,  0.26440781, -0.19831218,  0.03763637, -0.0611456 ,
         0.10074836, -0.01074642,  0.02451092, -0.46237582,  0.2136283 ,
         0.13107755,  0.0236469 , -0.20056211,  0.73696367, -0.05055108,
         0.14870908],
       [-0.76161901, -0.00336975, -0.25029221,  0.43355575, -0.16384596,
        -0.07108686,  0.02362411, -0.05697474,  0.3127004 , -0.13885846,
         0.03400453, -0.16862123,  0.15110088,  0.23064948, -0.08701755,
        -0.36220577],
       [-0.10555172,  0.50207276, -0.44691025, -0.21430897,  0.26228441,
         0.06704978, -0.04953816, -0.211109  ,  0.2005313 ,  0.11945404,
         0.1741552 ,  0.03261589, -0.39148218, -0.4939394 , -0.29861972,
        -0.22242832],
       [-0.10530763,  0.03149733, -0.1088545 , -0.00477299,  0.13357487,
        -0.37368325, -0.47956619, -0.40088249, -0.2943034 ,  0.39106503,
        -0.03177149,  0.04901193,  0.00176802, -0.12360019, -0.02199229,
         0.20134643],
       [-0.58533652, -0.42351989,  0.26257763, -0.09514148,  0.05272882,
         0.02440239,  0.28139573, -0.04801202,  0.31724675, -0.28308171,
         0.39825248,  0.01526019,  0.26853343, -0.03260651, -0.04775793,
        -0.10176327],
       [-0.46538498,  0.02697816, -0.00611827,  0.14260097,  0.12003828,
        -0.38475948,  0.08215201, -0.05806676, -0.12140839, -0.13508063,
        -0.34892046,  0.26037157,  0.31946579,  0.14731128, -0.02458371,
         0.07709388],
       [ 0.59264569, -0.44088359,  0.20263943, -0.06704785,  0.07002724,
         0.24171373,  0.23411056,  0.26663125,  0.0126436 ,  0.15525008,
        -0.18622932, -0.62949894,  0.12329969,  0.20127912, -0.21599848,
        -0.18570354],
       [ 0.23250027,  0.2974203 , -0.1321643 ,  0.09085608,  0.06736774,
        -0.66773865,  0.0228239 ,  0.48309593,  0.12721898,  0.14015315,
        -0.1214431 ,  0.20349379,  0.06543167,  0.22929762, -0.02073696,
         0.03433839],
       [ 0.41594481,  0.50587672, -0.15153328,  0.39811946, -0.27024362,
        -0.12336015, -0.03866798,  0.22199387, -0.29749546,  0.18579842,
        -0.27269487,  0.10402314, -0.00841692, -0.4409849 , -0.03180016,
        -0.11608859],
       [ 0.14248928,  0.21802907,  0.02423057,  0.10494077, -0.38787397,
         0.20947121,  0.13214797,  0.21625125,  0.12987379,  0.3416681 ,
         0.10704673,  0.10850472,  0.40828365, -0.06309193,  0.02515974,
        -0.2884639 ],
       [ 0.21530439,  0.37347832,  0.18927116,  0.07589726, -0.12647871,
         0.23173604,  0.56524241, -0.17054079,  0.03008472, -0.38674803,
         0.08935434, -0.08221674,  0.14972513,  0.34023611,  0.27595152,
        -0.22506077],
       [-0.28120802,  0.25669998,  0.07455788, -0.53411824,  0.17390702,
         0.30096449,  0.29084534,  0.2123465 , -0.18331372, -0.23981423,
        -0.14687794,  0.11255351, -0.03393069,  0.31191921,  0.17986608,
         0.12273023],
       [-0.58798097,  0.20808269, -0.38297064,  0.06304281, -0.58307435,
         0.14320841, -0.15819731,  0.14858187, -0.0563724 , -0.19957   ,
        -0.16729233, -0.07421807, -0.29903163,  0.01139637,  0.06280174,
         0.00286809],
       [-0.26345436, -0.61033532, -0.33884448, -0.03059825,  0.10438808,
         0.13975342,  0.04899359,  0.53893182,  0.27193539, -0.23365968,
        -0.06850395, -0.037426  , -0.32481844, -0.2050993 , -0.10869363,
         0.00578399],
       [-0.16274071,  0.17231362,  0.02439639, -0.07385855,  0.08403601,
         0.32332529, -0.02978424, -0.48662238, -0.9408964 ,  0.03291313,
        -0.29655389, -0.28549288, -0.11130366, -0.16913443, -0.28020647,
        -0.18525182],
       [-0.48667364, -0.06173785,  0.15338197, -0.36463637, -0.30537765,
         0.37737393,  0.19529378, -0.08559931, -0.00118774, -0.31241282,
        -0.13105903,  0.02403682,  0.16313065, -0.18407618,  0.49321659,
        -0.15799644],
       [ 0.03743557, -0.17923667,  0.09095758, -0.28543352, -0.11692347,
        -0.21055225,  0.37408488, -0.12145021, -0.15295625,  0.08489215,
         0.05908886,  0.01844669,  0.14625629,  0.1592062 , -0.24994131,
         0.20850674],
       [-0.18151618, -0.21680625, -0.0834903 ,  0.13640412, -0.14098023,
         0.10948528, -0.13241309, -0.16957622,  0.33282141, -0.09654376,
         0.11101725, -0.13239008,  0.43538656,  0.07505055,  0.13768951,
        -0.01034601]]), array([[ 5.07797971e-02, -1.83815571e-01, -2.03614131e-01,
         1.31709748e-01, -2.88793152e-01, -6.73705477e-02,
         5.55912721e-02, -8.15694402e-02, -4.24269793e-02,
         8.55880083e-02, -2.45548930e-02,  6.84030871e-02,
         2.40765683e-01,  3.10314182e-01, -6.24201190e-02,
         4.18990490e-02, -4.95249569e-02, -2.08747285e-01,
         9.94742879e-02, -3.78585003e-01, -9.72677240e-02,
         2.88715964e-01, -1.15773378e-01, -7.39795280e-02,
        -8.70577498e-02,  1.75882428e-01],
       [ 1.17283488e-02, -3.80216149e-02,  1.80280816e-01,
         4.56164724e-02, -1.86613619e-01,  2.72544374e-02,
         8.02876795e-02, -3.98900836e-01,  2.16683050e-01,
         1.95080388e-01,  2.22264160e-01,  5.83824002e-02,
         2.12335552e-02,  1.53796480e-01,  7.99630419e-02,
         1.41525849e-01, -9.99386842e-02,  9.46527917e-02,
         1.18771312e-01, -3.14223650e-01, -1.78935017e-01,
         9.51668500e-02,  1.97705046e-01,  6.94273944e-02,
        -2.61067893e-01, -1.84379688e-01],
       [-8.17358823e-02, -1.63260077e-01, -1.74694484e-01,
        -7.15594031e-02,  3.31017071e-01,  1.09828975e-01,
        -4.73224219e-02,  1.58956489e-01, -1.70488769e-01,
        -3.80539458e-01,  1.25420806e-01,  2.24929249e-01,
         7.01427841e-03, -2.10508197e-01, -3.11601783e-02,
        -1.99861954e-01,  1.92466578e-01,  1.46510363e-01,
        -2.29666387e-01,  4.20223235e-02, -2.85600617e-01,
        -8.16160795e-02, -8.53864681e-02, -3.26026034e-02,
        -1.02653049e-01, -3.90603356e-01],
       [ 3.99287880e-01, -2.05367156e-01,  1.70519653e-01,
         3.75487283e-02,  1.07263337e-01,  2.85390013e-02,
         2.27235518e-02, -1.19806199e-01, -3.82656565e-01,
         5.25413401e-02, -1.04478517e-01, -1.92957826e-01,
        -6.32465945e-02, -2.44667155e-01,  7.08776097e-03,
         1.08161704e-02,  2.11602908e-01, -1.68850985e-01,
        -2.17515239e-01, -6.50041747e-02,  3.28703775e-02,
         2.11573459e-01,  3.42550355e-01,  1.98280093e-01,
        -3.51692241e-02,  2.56239206e-01],
       [-3.69847858e-02,  4.03727528e-02,  3.43740021e-01,
        -2.76712056e-01, -1.52997674e-01, -1.04110837e-02,
        -8.01426773e-02,  1.19569973e-01, -1.65282642e-03,
        -9.11127033e-02, -2.91999735e-01, -3.16968186e-01,
        -1.05826613e-01, -1.56584699e-01, -2.85251551e-01,
        -8.69008165e-02,  5.49503821e-02, -2.96562263e-01,
         1.27357619e-01, -2.93234911e-02, -1.59411806e-02,
         3.71413660e-01, -1.18377605e-01,  5.66927248e-02,
        -1.13189172e-02,  2.42154027e-01],
       [ 2.63085829e-01, -2.17674745e-01, -2.94374230e-01,
        -2.38866460e-01,  5.37430213e-02,  6.43379424e-02,
        -7.08530884e-02,  1.67705409e-01, -3.65738482e-01,
         1.86361324e-01, -1.48421174e-01,  2.47130616e-01,
        -4.25774809e-01,  1.86583286e-01, -1.32105124e-01,
        -3.32646535e-01, -1.27277412e-01,  2.04525058e-01,
         1.28740092e-01, -5.80540127e-02, -5.89229887e-01,
        -1.58743765e-01, -6.57470616e-02,  2.11648075e-01,
        -1.47259288e-01, -3.13732010e-01],
       [ 3.37712953e-02, -5.10395735e-02,  6.09949252e-02,
         1.92795627e-02, -1.56693618e-01, -4.30128188e-02,
        -1.53235611e-02,  1.13385867e-01, -1.62127272e-01,
        -7.74018613e-02, -9.22071931e-02, -3.14982793e-01,
        -2.77887243e-01,  4.05360220e-02, -1.68223036e-01,
         2.11928061e-01,  1.95002356e-01,  1.48765375e-01,
         6.75709918e-02,  8.81415886e-02, -2.01778500e-01,
        -4.82834625e-01, -4.09127771e-01, -5.07794619e-02,
         2.99829317e-01, -1.36625233e-01],
       [-1.47884517e-01, -1.61110639e-01, -1.62512586e-01,
         9.21244251e-02,  1.47313841e-01,  2.04719419e-01,
        -9.75788414e-02,  2.19827816e-01,  2.20958581e-01,
         2.26240481e-01, -1.23659066e-01,  1.68976957e-01,
        -1.27276061e-01, -1.51700466e-01, -3.17087367e-03,
         1.06741955e-01,  2.17664383e-02, -1.79816036e-01,
         2.31174782e-01,  2.01791737e-02, -1.07633955e-01,
         1.49765399e-01, -3.28396815e-01, -2.37393679e-01,
         2.22431031e-01, -2.85987244e-02],
       [-8.47191196e-02, -1.02680704e-01,  2.40079674e-01,
         4.13236425e-02,  2.58679889e-02,  7.26442815e-02,
         9.11492986e-02, -1.70956022e-01, -3.30729035e-02,
         1.24557190e-01,  2.16929787e-01, -2.48355096e-01,
         8.41230162e-02, -3.77060902e-02,  2.54187396e-01,
        -2.82859542e-01, -3.05876299e-02,  1.00687773e-01,
        -1.51976017e-01, -2.83949076e-01, -2.56873776e-01,
         2.76483354e-01, -2.31212688e-01,  6.92896251e-02,
        -2.10445382e-01, -1.82972313e-01],
       [-1.88069201e-01,  1.92865966e-01,  1.46159500e-01,
         2.55067298e-01,  2.13717134e-01,  1.98038804e-02,
         2.92221827e-01,  6.66031100e-02,  4.50589899e-01,
         2.02232609e-01, -5.78327706e-02,  3.46653955e-02,
         3.43575779e-01, -7.75021834e-03, -3.43194644e-01,
        -3.88736948e-01, -1.24651904e-01, -3.12277974e-01,
        -2.31783565e-01, -4.03324591e-02, -5.22298034e-01,
        -1.24505816e-01, -3.35482990e-02, -1.41439006e-01,
        -2.84930316e-02, -1.08501010e-01],
       [-1.53321229e-01,  1.80040708e-01,  5.80247083e-02,
         1.16833558e-01,  1.90479178e-01,  1.12544909e-01,
         2.43556439e-01,  2.12727315e-01,  2.75781919e-02,
         1.41597625e-01,  7.18967954e-02, -2.87421344e-01,
         3.62954798e-01, -9.30294005e-02,  8.43646540e-02,
         1.07411819e-02, -2.37530889e-01,  1.03837260e-02,
         1.38138962e-02,  1.42515223e-02, -9.66629855e-03,
         2.39934988e-01,  3.54769170e-01,  5.50041508e-02,
        -1.05550668e-01,  1.09281792e-01],
       [ 2.25248415e-01, -2.40617789e-02,  1.19587256e-01,
        -2.01025682e-01,  8.06286038e-03,  4.88612189e-02,
         1.31069867e-02,  3.27247731e-01,  9.66841888e-02,
        -1.26040841e-01, -3.24515311e-02,  3.02588612e-01,
        -4.70848230e-03, -1.36616088e-01,  1.65817763e-02,
        -2.51748364e-02, -8.42462459e-02,  7.81989550e-02,
        -4.34961888e-02,  7.45869705e-03,  2.85041280e-01,
        -3.19834069e-01, -6.94706979e-02, -1.66125053e-01,
        -2.90760344e-01, -5.06386158e-01],
       [ 2.14360294e-01, -5.55773786e-03, -2.71118232e-01,
         9.30600844e-03,  3.33924167e-01, -8.59573696e-02,
         4.09266074e-02,  1.59779769e-01,  1.46069690e-01,
        -4.31105650e-02,  2.30782238e-01, -3.54639546e-01,
         1.34197583e-01, -1.32894248e-02,  1.02483087e-01,
         2.87596325e-02, -1.66348093e-01,  2.69464444e-02,
         7.72466502e-02,  1.22803820e-01, -3.45937236e-01,
         4.14520570e-01, -1.94008563e-01,  1.22930303e-01,
         9.01679689e-03, -1.27400731e-01],
       [-2.87580579e-01, -2.20033870e-01,  4.05439185e-02,
        -1.77852812e-02,  1.24630534e-01,  2.22160446e-01,
        -1.39589143e-02, -4.29926041e-01,  1.94451205e-02,
        -1.74803949e-02,  1.08576454e-01,  4.12219168e-01,
         1.16932327e-02, -1.10408080e-01,  5.67688054e-03,
         1.51484765e-01,  9.64341409e-02, -3.18780131e-01,
        -4.46820859e-01, -3.10161232e-01, -3.98115267e-03,
        -1.58335878e-01,  1.41859596e-01,  6.49798682e-02,
        -2.22364428e-01, -3.04198462e-01],
       [ 2.91758335e-02, -1.42575750e-01, -2.81938300e-01,
         4.49306753e-02, -2.02013782e-01,  2.69688352e-02,
        -6.84729691e-03,  6.20643817e-03,  1.91087479e-01,
        -1.69894523e-01, -1.74570588e-01, -6.34226701e-02,
        -1.93259864e-01,  4.08131985e-04, -7.33790837e-02,
        -4.14311629e-02,  2.36537907e-01, -2.20849605e-01,
        -1.52699507e-01, -1.82719015e-01,  1.77576740e-01,
        -1.34923804e-01,  8.61969204e-02, -1.83613468e-01,
         5.40239650e-02, -1.71524935e-01]]), array([[-0.19959945, -0.02503025,  0.1790682 , -0.05041174,  0.34023116,
         0.01063791, -0.15485178, -0.47716553, -0.32791174,  0.28377266,
         0.00821055, -0.05905507,  0.28087292,  0.09261087,  0.14195403,
        -0.11067263]])]
#####################################
lbd:0,alpha:1,
 shape:[(15, 3), (15, 16), (1, 16)] 
loss: 0.6804981665881803
Final weights: [array([[ 0.7727539 , -0.55998842,  0.60779513],
       [ 0.55006132, -0.14505486,  0.72923636],
       [ 0.24130131,  0.06245497, -0.0512868 ],
       [-0.91831184, -1.28852427,  0.34912904],
       [ 0.78552978,  0.24113316,  1.09579513],
       [ 0.87143178,  0.63433955, -0.66170107],
       [-0.67566016,  0.61954174, -1.02301832],
       [ 1.73560581, -1.68157809, -1.6119033 ],
       [ 0.26101413,  0.30421184,  0.07558718],
       [-1.29751942,  0.36067898, -0.11584122],
       [ 0.79425674,  0.18703202,  0.0913468 ],
       [ 0.71151072, -0.16094444, -0.62748247],
       [ 0.68881358,  0.1987617 ,  0.42531649],
       [ 0.09592309,  0.15742939,  0.54948595],
       [ 0.20311079, -0.3051073 ,  0.4511893 ]]), array([[ 0.6306417 , -0.26573484, -0.32249118, -0.32722032, -0.27243265,
        -0.31225983, -0.17504145,  0.06153531, -0.13052435, -0.46734677,
         0.41006697,  0.54834814, -0.08967458,  0.03356409, -0.21943634,
         0.0614925 ],
       [ 0.22812627,  0.18074122, -0.01550737,  0.29989718,  0.49526862,
        -0.76508351, -0.52321828,  0.16389493, -0.58729917,  0.00172789,
        -0.09149804,  0.09558758,  0.39288432,  0.30478956, -0.40999687,
        -0.04671276],
       [-0.25081981,  0.27890028,  0.68473979, -0.34030735, -0.27167358,
         0.25632649, -0.02203089, -0.09874476,  0.4957311 , -0.16166206,
        -0.19236033, -0.20869689,  0.14319295,  0.09825433,  0.08845467,
        -0.17091272],
       [-0.27732539, -0.36621531,  0.34683067,  0.22687407,  0.25859467,
         0.05531367, -0.09033676,  0.01264773, -0.54403024,  0.18135241,
        -0.01570458, -0.06002299,  0.06731867, -0.14363589, -0.15866512,
        -0.18990109],
       [-0.04635177,  0.30269187,  0.10704495,  0.31488209,  0.27284498,
         0.39983924,  0.02589533,  0.27959452,  0.27865701, -0.23739671,
         0.00622135,  0.28128586, -0.28593644,  0.05985413,  0.0341414 ,
        -0.08761979],
       [-0.0797419 ,  0.3252966 , -0.0351268 ,  0.08776527, -0.44935688,
        -0.20443292, -0.20626708,  0.13956655,  0.5533704 , -0.655031  ,
         0.23160248,  0.55919385, -0.20636333,  0.11894232, -0.03956561,
        -0.61077752],
       [-0.02915135, -0.03094291, -0.2760117 , -0.34919053,  0.12628001,
         0.21182261, -0.45717764,  0.06629054, -0.10716622, -0.05641498,
         0.3354871 , -0.53578298,  0.32122717, -0.00268401, -0.00958087,
        -0.47891299],
       [-0.31039214,  0.20083233,  0.42215932, -0.08405592, -0.16329551,
         0.35043421,  0.01135541,  0.08876074, -0.52192314, -0.26872801,
        -0.733041  ,  0.21562195,  0.29135021,  0.06882983, -0.25744255,
        -0.24420965],
       [ 0.32834192,  0.05369053, -0.23926633, -0.21200101, -0.42532459,
         0.44136039, -0.040648  , -0.26917087,  0.37555118, -0.19014808,
        -0.27128016, -0.31711425, -0.36552578,  0.06439182,  0.45949824,
         0.27367403],
       [ 0.35210859, -0.15039047,  0.20457395, -0.04394245, -0.60015526,
        -0.07412836,  0.25229334,  0.22059196,  0.46256241, -0.27621996,
        -0.16597135, -0.11072273,  0.47358467,  0.00210438, -0.17461034,
        -0.0652282 ],
       [ 0.44176881, -0.13503952, -0.18656792, -0.03211842,  0.1828907 ,
        -0.29044527, -0.44889764, -0.11196178, -0.48670973, -0.27469637,
         0.035707  ,  0.18888774, -0.05850941, -0.02701557, -0.11084043,
         0.17186385],
       [-0.00907493,  0.09311836, -0.09565241, -0.1152814 , -0.00351194,
         0.38955179, -0.05310128, -0.50074883,  0.02867293, -0.02177695,
         0.35644421, -0.11925489,  0.11002802, -0.08933768, -0.0606793 ,
        -0.14339468],
       [ 0.15642906,  0.35265468,  0.08191143, -0.0376411 ,  0.03142631,
         0.449494  ,  0.34702624, -0.8361953 ,  0.92294721, -0.33581419,
        -0.12135626, -0.11043118,  0.18798222, -0.29168846, -0.61696926,
         0.07368318],
       [-0.24136538, -0.0412818 , -0.27925345,  0.0623558 ,  0.48124756,
        -0.01246402,  0.07252715,  0.50232559, -0.28450249, -0.24218947,
        -0.02649162, -0.10299569,  0.09036135, -0.14538414, -0.226417  ,
         0.25181208],
       [ 0.0255724 ,  0.09328143, -0.48043226, -0.45835851,  0.62631847,
        -0.12662663, -0.16236374, -0.13876987, -0.46109024,  0.01769437,
         0.3268038 ,  0.01077863,  0.37957248,  0.02462642, -0.14451883,
         0.35110866]]), array([[-0.29101008, -0.26356509, -1.07092181,  0.63331529, -0.59215633,
        -0.02477759,  0.32463545, -0.3621843 , -0.17568017,  0.60611261,
         0.52420055, -0.76737716,  0.16693472,  0.86186677, -0.71234384,
        -0.59620871]])]
#####################################
lbd:0,alpha:1,
 shape:[(10, 3), (10, 11), (10, 11), (1, 11)] 
loss: 0.6914562439720833
Final weights: [array([[-0.89628851,  0.98772663, -0.59157802],
       [ 1.3168327 ,  0.7104372 ,  0.09428121],
       [-0.69767041, -0.10527798, -0.70986955],
       [ 0.19304492,  0.88289964, -0.71998587],
       [-0.78024307,  0.02365802,  0.55145571],
       [-0.21719135,  0.32992875,  0.53097566],
       [ 0.42809409, -0.2591757 ,  0.77801977],
       [ 0.44040613,  0.09471472,  1.64504847],
       [ 0.44771964,  0.61221436,  0.97468762],
       [ 0.02178093, -0.74959107,  0.60236421]]), array([[-0.44846024,  0.12042527,  0.51943259, -0.09897332, -0.56474139,
         0.17110135,  0.06213394,  0.15918829,  0.45126836, -0.50872299,
         0.47251269],
       [ 0.04739581, -0.015004  , -0.05396878,  0.05478274,  0.52187199,
        -0.32068075, -0.04049468, -0.24348268, -0.14132303,  0.04598532,
        -0.00633082],
       [-0.02783657,  0.31627146,  0.07759999,  0.2121606 ,  0.23521184,
        -0.31174646, -0.3899179 , -0.18205346, -0.29191555,  0.1253668 ,
        -0.2901297 ],
       [-0.18688577,  0.06358452,  0.40690923, -0.0367094 ,  0.41634562,
        -0.42320423,  0.01386727, -0.34609344,  0.09431159,  0.24012466,
         0.05475982],
       [-0.01102005, -0.02601262,  0.33865139, -0.3356964 , -0.09719153,
        -0.25088673, -0.06649514, -0.07811483,  0.09932534,  0.08851868,
        -0.17154661],
       [-0.26549387,  0.12099609, -0.39460154, -0.34244567,  0.56211181,
        -0.17801738,  0.37501085, -0.40192087, -0.4211527 , -0.62210834,
         0.30686671],
       [ 0.18936179,  0.30068579,  0.08296849, -0.0265779 ,  0.17232448,
         0.02924277,  0.09130746, -0.02142898,  0.33562556, -0.18929199,
         0.24102717],
       [-0.13224698,  0.32637466, -0.2662879 ,  0.01823391, -0.3781754 ,
        -0.47169689, -0.20912357,  0.588318  , -0.3635604 ,  0.10936225,
         0.44413068],
       [-0.12832425,  0.04537405, -0.23819497, -0.15382549,  0.10778445,
         0.30237341, -0.13306908, -0.06884528, -0.28511718, -0.04068104,
        -0.15218087],
       [-0.02652779, -0.33313998,  0.68918293, -0.01825746,  0.06485283,
        -0.34656348,  0.35184421,  0.038253  ,  0.63653506,  0.16435934,
         0.23316273]]), array([[-1.17096899e-01,  2.53162186e-01,  4.66929474e-01,
         1.30689814e-01, -2.25997050e-01, -2.09021276e-01,
        -9.94021051e-02,  1.70905561e-01, -9.68164980e-03,
        -3.12185288e-02, -3.10486762e-01],
       [-4.37381856e-01,  1.17863590e-01,  2.77907774e-01,
         2.90237029e-01, -1.76838064e-01, -1.28715206e-01,
         2.26234593e-01,  5.75938308e-01,  2.11038129e-01,
         2.08520746e-01, -5.38347919e-01],
       [ 2.61766949e-02, -2.18434832e-01, -1.44237204e-01,
        -4.26137964e-01,  3.31050612e-01, -4.97073883e-01,
         2.52051414e-01, -4.85022610e-04, -1.56303182e-01,
        -1.55792826e-01, -5.92388461e-02],
       [-4.42826433e-02,  6.93101390e-03, -2.69163891e-01,
         3.53989857e-01,  6.79259551e-02,  1.47941211e-01,
        -1.40320888e-01, -3.14958863e-02,  5.07467614e-01,
        -2.44461437e-01, -1.04155217e-01],
       [ 1.65881900e-01, -4.16028005e-01,  2.24821215e-01,
         1.97571381e-01,  1.61918572e-01, -4.29158547e-01,
         2.12635639e-01, -1.94179181e-01,  2.72477509e-02,
         2.22300293e-01, -3.16093296e-02],
       [-1.75059916e-01,  1.47424845e-01, -1.15215367e-02,
         1.85873270e-01, -1.74611547e-01, -1.81392738e-02,
        -7.29205200e-02, -1.81901569e-01,  6.01057894e-02,
        -2.89815670e-01, -3.70510193e-01],
       [ 8.01434775e-02,  2.93319978e-01, -2.56687170e-01,
        -2.44500649e-01,  2.61237376e-01,  1.03312455e-01,
        -1.97377169e-01,  3.04723127e-01,  2.88935729e-02,
         4.21295701e-01,  1.44825653e-01],
       [ 3.77184961e-01,  1.83523627e-01, -3.26329698e-01,
         1.16645842e-01, -1.07124196e-01,  5.01070547e-01,
        -3.92029543e-01,  4.52095625e-02, -5.70596123e-01,
        -4.81457168e-01,  6.91959841e-02],
       [ 3.16316377e-02, -8.89955280e-02, -4.69709987e-02,
        -2.96032711e-01,  1.48379213e-01, -2.30015639e-01,
        -1.97831438e-01, -2.68688738e-01, -1.25664895e-01,
        -3.27130252e-01,  3.08353103e-01],
       [ 1.37535339e-01,  1.48726914e-01,  1.16190574e-01,
        -1.47299709e-01,  4.50781957e-01,  3.19770827e-01,
        -8.54312325e-01, -4.43794528e-02, -8.38813373e-02,
        -1.80898045e-02,  2.82382886e-01]]), array([[-0.32827605,  0.03331218, -0.3819726 ,  0.2795229 , -0.12637942,
        -0.257005  , -0.2522519 , -0.03201429, -0.0638537 ,  0.17609821,
         0.88060441]])]
#####################################
lbd:0,alpha:1,
 shape:[(15, 3), (25, 16), (15, 26), (1, 16)] 
loss: 0.6918588785693427
Final weights: [array([[-0.98985316, -0.16167269, -0.34778931],
       [-0.18756848,  0.57632718,  0.93402621],
       [ 1.53916868, -0.56646628, -0.07706416],
       [ 0.20387742,  0.37000386, -0.23260711],
       [ 0.06487999,  0.05562674,  0.20692586],
       [-0.0388288 , -0.53437347, -0.4752949 ],
       [-0.35516455,  0.5502121 , -0.16194772],
       [ 0.44204098,  0.46155129,  0.31921733],
       [ 0.1488293 ,  0.46254545, -0.58502925],
       [-1.494195  , -0.67124026, -0.23501732],
       [ 0.29750988, -0.05109965, -0.19065037],
       [-0.07973846,  0.07941601, -0.36440039],
       [-0.64358936,  0.42783216, -0.02731946],
       [ 0.03880084,  0.26270895, -0.1336264 ],
       [ 0.36508316,  0.35293994,  0.26506459]]), array([[-2.51221701e-01, -2.15163578e-01,  7.58816448e-02,
        -1.17128117e-01,  2.90481005e-02, -1.56415813e-01,
        -2.96182966e-02,  3.46258998e-01, -2.78239726e-01,
        -1.74192763e-01,  1.93095063e-01,  5.99734610e-01,
         4.70815678e-02,  2.41293876e-01,  1.70155577e-01,
        -3.91602012e-01],
       [-7.35279669e-02, -1.84425545e-01, -4.32103018e-01,
         4.66337322e-02, -3.57843045e-02, -1.96218777e-02,
         2.84284841e-02,  3.01761686e-02,  2.07653006e-01,
         1.86749734e-01,  6.03126803e-02,  1.17169341e-01,
         4.98714043e-02, -3.21124227e-01,  2.28735969e-01,
        -2.39275770e-01],
       [ 5.34926236e-01,  5.08206293e-01,  1.26182893e-01,
         3.23349539e-01,  2.03871658e-02, -8.85125278e-02,
         2.00291077e-01, -4.81535841e-01, -2.94608734e-01,
        -4.11241090e-02, -2.43216696e-01, -5.90368584e-03,
         7.19576356e-02,  4.59546684e-02, -2.96653161e-02,
         8.52489784e-02],
       [ 2.36113163e-03, -4.01320876e-02, -4.54818660e-02,
        -1.42929773e-01, -2.30435036e-02,  3.39905241e-01,
        -1.45363410e-02, -3.87051273e-01, -1.71004884e-02,
        -1.58023304e-01,  1.39561754e-01, -1.65170514e-01,
        -2.79420807e-01, -2.60385967e-01, -7.71702790e-02,
        -1.62904014e-01],
       [-1.46630126e-01, -5.20126080e-02,  4.61335563e-03,
         3.12350003e-01, -1.31751050e-01,  1.24013741e-01,
         3.70383944e-01, -1.17972405e-01, -2.36684294e-01,
         7.97932473e-02, -6.05018223e-02, -2.46449365e-01,
         4.31187912e-01,  1.06664399e-01,  1.25296585e-01,
        -7.43234654e-02],
       [-2.03477087e-01,  1.86882749e-01, -1.39494488e-01,
         4.80558743e-01,  2.17715960e-01, -3.64497537e-02,
        -1.44310135e-01,  2.39456059e-02, -1.05684479e-01,
         2.68048763e-01, -6.45032847e-02,  1.70017805e-01,
         3.57616656e-02, -3.52337068e-02, -2.28724515e-01,
        -5.28784600e-01],
       [-1.91510417e-01, -1.01126631e-02, -1.88796347e-01,
         1.92331617e-01,  4.61492602e-01, -2.14319500e-01,
        -6.43536885e-02, -1.33912730e-01,  3.31057685e-01,
         1.87595142e-01,  3.12332332e-02, -2.30844244e-01,
         4.24250254e-02, -3.10882726e-01, -1.17671125e-01,
         1.95217473e-01],
       [-3.76048924e-01, -2.95840399e-01,  1.07003177e-01,
         4.66005784e-02,  1.54879240e-01,  2.04884694e-02,
         2.45532159e-01, -1.53074608e-01,  5.57994854e-02,
         3.02438533e-01,  3.34482046e-01,  3.93093387e-01,
         8.86391704e-02, -3.91649261e-01,  1.07350371e-01,
         2.95504387e-01],
       [-1.08267088e-01, -1.02327039e-01,  4.33322650e-01,
        -1.86425310e-01, -2.75482657e-01,  2.85746779e-01,
        -2.48210956e-01,  2.96451992e-01,  2.06037578e-01,
         3.10326073e-02, -1.50379986e-01,  2.70143056e-02,
         6.82141991e-02, -6.86172298e-02, -5.81033528e-02,
        -7.53351808e-01],
       [-2.00444681e-01,  2.04484025e-01, -2.00998499e-01,
         2.09850190e-01,  3.39552895e-01,  1.52613016e-01,
        -2.38629328e-02,  1.62698995e-01,  1.72565279e-01,
         2.57513240e-01, -1.65912883e-01,  3.91603008e-01,
         8.90991180e-02, -3.27097245e-01,  5.11296019e-01,
        -1.09998261e-01],
       [ 3.91719784e-01,  1.99930428e-01, -4.33739356e-01,
        -9.89835254e-02,  1.83145663e-01,  5.12019746e-01,
        -5.23314483e-01, -1.95685807e-01,  8.89186947e-02,
        -1.71590111e-01,  2.27493525e-01,  1.62029979e-01,
         2.74739277e-01, -4.74150194e-01, -2.86706233e-01,
        -4.67412633e-02],
       [-1.08023249e-02,  9.88710086e-02, -3.10753080e-01,
        -3.42992670e-02,  3.15263648e-02,  1.30768049e-01,
         2.32859767e-01,  3.25885426e-01, -3.30293699e-01,
        -1.06531375e-01, -3.12196851e-01, -7.24446598e-02,
         3.33770762e-02,  3.57844492e-01,  9.78678579e-02,
         3.05723562e-01],
       [-2.44420962e-01,  1.71249588e-01,  1.20869790e-01,
        -3.94928436e-02,  1.84697568e-01, -4.50085365e-03,
        -8.62306720e-02, -8.34602558e-02, -1.53915412e-01,
        -1.74247271e-01, -6.26164810e-02, -5.73519854e-01,
         2.41595307e-01,  6.09105616e-01,  1.20260781e-01,
         7.96016910e-02],
       [-2.01877041e-02,  5.22301570e-01, -2.82045830e-01,
        -2.72612868e-01,  2.36452140e-03,  1.64313359e-01,
         7.34311325e-02, -1.46112083e-01,  3.08849626e-01,
        -3.30131200e-02,  1.25192324e-01, -2.32064155e-01,
         1.01933341e-01, -4.68289609e-01,  9.80593778e-02,
         2.44984437e-01],
       [-5.78071943e-01,  1.70814731e-01, -1.69832025e-01,
         1.16902643e-01, -3.20428816e-01,  7.42407576e-01,
         2.81783964e-01, -5.72369046e-02,  3.15006084e-01,
         2.70370327e-01,  2.45532130e-02, -4.63028707e-02,
         9.72870010e-02,  2.18729717e-01,  6.47642265e-03,
         1.94156876e-01],
       [-1.75163205e-01, -2.81676800e-02,  8.24059298e-02,
        -5.56445644e-02,  3.71153492e-01,  4.52961975e-02,
         1.94555968e-01,  1.51330819e-01,  1.01960508e-01,
         3.75888571e-01,  3.72989042e-01, -1.09252668e-01,
         5.49949520e-02,  1.75013710e-01,  7.40071940e-02,
        -2.11417248e-01],
       [-2.81313586e-01,  3.32026224e-01, -1.11635802e-01,
         1.65420021e-01, -1.77621230e-01, -4.72576045e-02,
        -4.03739866e-02,  3.48282371e-01,  6.46027514e-01,
        -3.73780050e-01,  9.22048290e-03, -2.02437684e-01,
         1.68453436e-01, -1.75023372e-01, -3.82690488e-01,
         2.76895437e-02],
       [ 4.24723966e-02,  1.41050479e-01,  1.04831719e-01,
         2.26884662e-01, -2.46945315e-01,  3.02312058e-01,
        -2.23180821e-01,  3.23075240e-02, -1.49644727e-01,
         3.99134909e-02,  9.11247564e-02, -3.43399100e-01,
        -3.27782322e-02, -2.50662726e-01, -7.75013283e-02,
        -4.70870550e-02],
       [ 1.40398171e-02,  1.07295638e-01, -1.89934228e-01,
        -2.01613455e-01,  2.78925625e-01, -3.13504534e-01,
         7.61142954e-02, -4.20893097e-01,  1.59052570e-01,
        -2.89899801e-01, -1.73086130e-01,  5.79919585e-01,
         1.53433139e-01,  2.66838326e-01,  5.04631403e-02,
         1.68620757e-02],
       [-4.19634306e-01,  2.16843576e-01, -1.97952431e-01,
        -4.43610535e-01, -2.06615466e-02, -3.81796097e-02,
        -8.28147811e-02, -1.18932380e-01,  5.17582413e-01,
         8.09133987e-02,  1.53172779e-01, -5.30120122e-01,
         4.32976468e-01, -7.95147131e-02,  1.51238139e-01,
        -2.17674292e-01],
       [ 2.83388483e-01,  2.16206490e-02,  2.84659561e-01,
        -5.21561537e-02, -3.22540395e-02,  4.17521084e-01,
         2.73656483e-01, -1.16413489e-01, -1.23707888e-01,
         3.09609767e-02,  3.57573097e-02,  3.09451731e-01,
        -3.29891085e-03,  2.66390187e-01, -2.25379456e-02,
        -3.40702608e-01],
       [ 3.38735502e-01, -9.35013076e-02, -2.48894333e-02,
        -3.07606174e-02,  6.37116725e-02, -7.02085463e-02,
         6.20511517e-01, -1.91856756e-01,  6.64610663e-01,
        -1.07567024e-01,  7.14597694e-02, -1.40450342e-01,
         1.57368247e-01,  2.70307123e-01,  1.97190765e-01,
         4.45340289e-03],
       [-5.11749369e-02,  1.74971035e-01,  5.30263761e-01,
        -9.33801299e-02,  1.27776563e-01, -1.54740350e-01,
        -3.41993845e-01,  1.94684218e-01, -5.26191537e-01,
         3.69950744e-01,  3.62416593e-01, -5.05749834e-01,
         6.96261049e-04,  3.24269279e-01,  2.76723514e-01,
         2.60399746e-01],
       [-1.37445217e-01,  4.84523403e-02,  1.53691289e-01,
         2.33759245e-01, -3.81442105e-02, -1.06384659e-01,
        -1.37720521e-01,  1.69614834e-02, -2.40024319e-02,
        -2.32738505e-02, -7.10816095e-02,  5.79475987e-01,
         3.01925895e-01, -2.12998339e-02, -5.56136469e-02,
        -4.80366680e-02],
       [-1.15726417e-01, -3.24587297e-01,  6.27647784e-01,
         4.52861811e-02, -1.23039725e-01, -3.30861285e-01,
        -3.29899833e-01, -2.65451421e-01,  3.88439672e-02,
        -1.80577479e-01,  2.67731349e-01,  7.64170897e-02,
        -3.40695623e-01,  1.11648589e-02, -2.18065964e-01,
         1.13634017e-02]]), array([[ 0.07178584, -0.06839665, -0.07744827,  0.04646601,  0.06331604,
        -0.12860832, -0.03243888,  0.03806977,  0.13065949, -0.12676993,
        -0.10884796, -0.03561899,  0.30441323, -0.22125287,  0.21739342,
        -0.09913243, -0.0551035 ,  0.03063971,  0.34802009,  0.37156945,
         0.20626945, -0.18298694,  0.12880077,  0.22525   ,  0.02390622,
        -0.35928898],
       [ 0.1908874 ,  0.10041043,  0.21590433,  0.00207933, -0.2526632 ,
        -0.33583943, -0.02913893, -0.02890528,  0.05132313, -0.30909477,
        -0.1047852 , -0.34711779, -0.17516493, -0.08401556, -0.06482177,
         0.2508606 , -0.19944368,  0.35835047, -0.20484018, -0.21997566,
         0.26804335, -0.02981404,  0.24004793, -0.02663445, -0.1426421 ,
        -0.07759097],
       [ 0.15960668,  0.36710696, -0.06092873,  0.13059554,  0.16351613,
         0.1805851 ,  0.08996945, -0.07943143,  0.11106512,  0.16966226,
        -0.00599243, -0.14178788, -0.25808895, -0.30191795,  0.0470511 ,
         0.04623531,  0.37333209,  0.01351979, -0.04928568,  0.06598926,
         0.01583083,  0.16361564, -0.41161888,  0.04843532, -0.17339902,
        -0.17284246],
       [-0.19989272, -0.29534866,  0.13418044,  0.01703909, -0.20056032,
        -0.33408463,  0.22785428, -0.16047666, -0.2486483 ,  0.03870102,
         0.31099602, -0.40340327,  0.12421084,  0.02839171,  0.01841111,
         0.08054175,  0.22489544,  0.07863003,  0.24293823, -0.26267857,
        -0.35416685,  0.20787733,  0.06021066,  0.11624688, -0.01223544,
        -0.49793216],
       [ 0.16831654,  0.36745302, -0.07659965, -0.63883433,  0.22657107,
         0.26272484, -0.17114941, -0.1499959 ,  0.01521447,  0.17275945,
         0.08948891, -0.02620344, -0.13316129, -0.01170685, -0.0273429 ,
         0.3057138 ,  0.12405145, -0.10645612, -0.48363155,  0.14721134,
         0.04182447,  0.02370176,  0.10182497, -0.02781089, -0.13635698,
        -0.32417083],
       [-0.17064584,  0.03924611, -0.10304109,  0.07286315,  0.11498253,
        -0.025058  , -0.08727857,  0.12227305,  0.15326764, -0.23833782,
        -0.10971515,  0.1833783 , -0.02360054,  0.05323445, -0.08494618,
         0.09646376,  0.22704256,  0.21609237, -0.57887438,  0.08259195,
        -0.00974978,  0.19807928, -0.10889183,  0.404055  ,  0.23282527,
         0.37183705],
       [ 0.22563183,  0.18941024, -0.0893696 , -0.15574012,  0.05692906,
         0.03398666,  0.17107428, -0.0959412 , -0.14645461,  0.42214916,
         0.01221762,  0.02919288,  0.10917289,  0.30902007, -0.28497288,
        -0.08535024,  0.04800259, -0.26453935, -0.06287737,  0.08037986,
         0.02493431,  0.04653137,  0.24690941,  0.20291874, -0.09914547,
         0.12426397],
       [ 0.08920437,  0.14737014, -0.20046516, -0.22008876, -0.00552254,
         0.11481733,  0.00573471, -0.16728405,  0.07296306,  0.09130473,
         0.1936901 , -0.04276918, -0.07090545, -0.25034817, -0.00840924,
         0.32834355, -0.39990063,  0.15380774, -0.27629886, -0.19584359,
         0.11256059,  0.22764784, -0.23037543, -0.27519176,  0.24940112,
        -0.09968064],
       [-0.1900347 , -0.00143794,  0.22963322,  0.08471015,  0.05751064,
         0.06058105,  0.08750201, -0.03923512, -0.03382755,  0.27901344,
         0.01434351,  0.06023334, -0.0383913 , -0.12897963, -0.15743249,
        -0.20286378,  0.28334808,  0.02250321, -0.14264263,  0.29366226,
         0.10569938,  0.18801556,  0.13913476,  0.33237402, -0.08000986,
        -0.24810932],
       [ 0.17978245,  0.1514933 , -0.09495242, -0.03668262, -0.19933355,
        -0.17564922,  0.24349188,  0.15220769,  0.0200293 , -0.17201674,
        -0.02772705, -0.15999847,  0.09711775,  0.12055155, -0.18913822,
         0.08826923, -0.06188723,  0.14991862,  0.21051474, -0.49614868,
         0.02402163,  0.10086575, -0.12964667, -0.01686257, -0.05185691,
        -0.20880953],
       [ 0.02398411, -0.25783108,  0.1407595 ,  0.2376528 ,  0.32162615,
        -0.47486581, -0.11910948, -0.02999249, -0.00732265, -0.1118466 ,
        -0.1517786 , -0.31876651,  0.06286126,  0.1675237 , -0.28542394,
         0.06537947,  0.03243887,  0.00685439,  0.21517554, -0.18801501,
         0.29790122, -0.29699573, -0.65720615,  0.13349954,  0.27182964,
        -0.00375612],
       [ 0.21900349,  0.22129313, -0.24049132,  0.19164345,  0.26925507,
        -0.00950567,  0.07607473, -0.13552479,  0.12700139,  0.29774106,
        -0.05628649,  0.16202718,  0.13499004, -0.22290453,  0.01406605,
         0.20440034,  0.06009306, -0.01219634,  0.05678573,  0.05753197,
         0.02161003,  0.18291943, -0.03840661,  0.14010794, -0.28079207,
         0.23761672],
       [ 0.19318695,  0.04999931, -0.11604727, -0.04039564, -0.01919511,
        -0.13530683,  0.01381839, -0.25237011,  0.02626275, -0.10451505,
        -0.07192156, -0.21000275,  0.11334283,  0.06643923, -0.20262179,
        -0.04680543,  0.17430556, -0.098963  , -0.0236495 ,  0.02677688,
         0.05475782, -0.16204577, -0.09310568, -0.02590546,  0.24134567,
         0.00557292],
       [-0.06727261, -0.31260929, -0.31799703,  0.01948853,  0.13622567,
         0.01122588, -0.14752543, -0.25480216,  0.30326842, -0.40300269,
         0.22780046,  0.02964821,  0.09369641,  0.06640253,  0.13137087,
         0.02571841, -0.17856467,  0.19349339,  0.16753528,  0.2078349 ,
        -0.15618738,  0.43724311,  0.10128748,  0.13437981,  0.01352513,
         0.00608412],
       [ 0.34380534, -0.28763655,  0.06372388, -0.17894188,  0.2224376 ,
         0.23308957,  0.13781383, -0.08897171, -0.13761831, -0.16279095,
        -0.00769396, -0.23274496,  0.02365862,  0.3884457 , -0.10980921,
         0.21940861, -0.04821956,  0.02387509, -0.0948701 , -0.04791642,
        -0.27423399,  0.22910853, -0.01854741, -0.30242941,  0.04966681,
        -0.05790148]]), array([[-0.3757356 ,  0.04793043,  0.52648347, -0.02492925,  0.40974694,
        -0.21371219,  0.11149613, -0.20157621, -0.03637172, -0.25593916,
        -0.01007456, -0.03013746, -0.23144074,  0.27262902, -0.12458979,
         0.65578123]])]
