#####################################
indeces:[ 84  26  24  46  57  45  15   8  97  49  55 103  54  29  56 107  19 113
  91   9  85 116  72  38  81  67  28  82  44  99   2  86 110  69  32 111
  78  25  62  36  71  31  21  48 109  65  87 102  59  80  51 105 106 117
  13  17  61  75  98   7  41  52  68  50  90  96  30  66 114 115  74  20
  39  89  22  14  60  23  16  95 108  47  88  27   3  10   4   1  93  63
  40  70  34  58  94 100  53  12 104  64  79  92  73   6  11  77  18  43
 101  33  37  76  35   5   0  42 112  83]
lbd:0,alpha:0.5,
 shape:[(50, 3), (1, 51)] 
loss: 0.44881920268222775
Final weights: [array([[ 0.1730056 ,  0.50913671,  1.03188792],
       [-0.10775402, -0.13212156,  0.46116529],
       [ 1.36952389,  2.3811846 ,  2.66025739],
       [ 0.59348046, -0.40952481,  0.07393254],
       [ 0.43014718,  0.19151411, -0.57736916],
       [ 0.15541533, -0.36865374,  0.47953742],
       [ 0.38173706,  0.93592794,  0.35758591],
       [-0.20324959,  0.17630016,  0.05279387],
       [ 0.14742415, -0.11355904,  0.51915515],
       [ 0.4621071 , -0.1420192 , -0.98284773],
       [-2.13203211, -1.33882585,  2.85370383],
       [-0.95715775,  1.10312347, -0.47103185],
       [-0.51457468,  0.36043588,  0.20755477],
       [ 0.94340392, -1.22820367, -0.79955893],
       [ 1.00314646, -1.53847159, -0.19698774],
       [-0.93139024, -0.19958664,  1.20904685],
       [-0.31935909, -0.34388679,  0.00708912],
       [-2.1069999 ,  3.38612108,  1.24642582],
       [ 1.07007089, -0.50601085, -1.32813491],
       [ 0.13846468,  0.42818818, -0.28651588],
       [ 0.68082661,  1.4849885 ,  0.81598308],
       [-2.10349223,  3.35103399,  1.28214742],
       [-0.05338915, -0.14847353,  0.45258643],
       [ 0.57229363, -0.17635804,  0.14703264],
       [-0.28828997, -0.26417315, -0.52859737],
       [ 0.8868559 ,  0.02532096,  0.94832977],
       [ 1.35629003, -1.57779896, -1.02715487],
       [-2.10069307, -2.86831023,  1.79409254],
       [-0.30530675, -0.02892035, -0.21194956],
       [-1.59884908, -2.82798743, -3.24721284],
       [ 0.35215082,  0.73098026,  0.61657242],
       [-1.27510733,  0.92081104, -2.01018587],
       [-0.02534653,  0.17296052, -0.09998638],
       [-0.30697044,  0.55574691, -0.86333828],
       [ 0.29695277, -0.13374299,  0.24629994],
       [ 0.3810165 , -0.4684995 ,  0.00939912],
       [-0.17197943, -0.67559136, -0.76041725],
       [-0.31520039,  0.32872865,  0.28622336],
       [ 0.08937547,  0.35036436, -0.03460712],
       [ 0.01358491,  0.37726505,  0.36024483],
       [-0.3482397 , -0.74894191,  0.27919117],
       [ 1.32915623, -0.81490622,  2.72072605],
       [-1.3952745 ,  1.70470666, -1.60385579],
       [ 0.50609613,  0.02260842, -0.63080165],
       [ 0.84006167, -0.38733715,  0.6000271 ],
       [-1.30014072, -2.10131864,  0.63609963],
       [ 0.46565476,  1.24409885,  0.03953591],
       [-0.18706225,  0.18636967, -0.63503055],
       [-0.10387731, -0.27910884,  0.00562841],
       [ 0.03417309, -0.4192619 ,  0.04145083]]), array([[-2.91135473e-01,  1.59753242e-01, -3.13017332e-01,
         2.78850653e+00, -1.53975166e-01,  2.53357810e-01,
        -2.33563290e-01,  2.74790659e-01, -1.50506952e-01,
        -2.77594819e-03,  2.90849974e-01, -2.83999010e+00,
        -6.66234807e-01, -2.08254653e-01,  8.30684043e-01,
         8.55814463e-01, -9.10188929e-01, -1.99099717e-01,
        -3.11605986e+00,  8.79367172e-01,  1.49900470e-02,
         8.29941242e-01, -3.17739743e+00, -5.06124721e-01,
        -4.40612552e-01, -9.54344228e-02,  3.26956371e-01,
         1.24761956e+00, -3.30098322e+00, -1.82316001e-01,
        -3.80671891e+00,  2.19395847e-01, -1.59615382e+00,
        -3.20397295e-01, -3.64688356e-01, -2.62721822e-01,
        -5.85916135e-02, -3.28515761e-01, -1.99923443e-01,
        -1.29254654e-01, -2.38825817e-01, -5.19661243e-01,
         2.07508271e+00, -1.68656120e+00,  3.39511894e-01,
         7.33613916e-02, -1.74836219e+00,  5.30019478e-01,
        -1.96238378e-01, -2.07022746e-01, -9.37435337e-02]])]
#######################################
#####################################
indeces:[ 45  54  21  99  46  63  17 112  71  40 106  47  22 114   8  56  34  86
  35  55  42 116  10 110 111 104  19  52  75  65  84  92  62   4  51  25
  79  16  29  80  53  81  36   2  68   3 101  70  15   5 113  24  97  87
  44  76  14 108 115  38   6  49  37 103  69  85  61  50  59  90  91  74
  78  98  93  94  88  77  82   9 109 105 117  39   7  60  13  57  28  30
  41 107  23  48  66  89  33  64  95  96  32  67  26  72  18  12  11   0
  27 100  83 102   1  31  58  20  43  73]
lbd:0,alpha:0.5,
 shape:[(50, 3), (1, 51)] 
loss: 0.2876042103897345
Final weights: [array([[ 6.50985202e-01,  2.47349836e-01, -5.90786612e-03],
       [ 1.99001313e+00, -2.62142095e+00,  1.32706181e+00],
       [ 1.65212564e-01, -5.61940115e-01,  8.25655990e-02],
       [ 1.54667472e+00,  1.74398043e+00, -2.03414377e+00],
       [-2.13945459e+00,  3.39144863e+00,  2.68079417e-01],
       [-1.31246336e+00, -2.68998467e+00, -5.21006224e-01],
       [ 1.55602876e-01,  4.37699548e-01,  1.31060771e-01],
       [ 3.85264590e-01,  4.21755228e-01, -3.67381106e-01],
       [ 1.22031769e+00,  1.99033574e-01,  1.78782569e-02],
       [-7.80249599e-01, -1.53235786e-01, -6.80273327e+00],
       [ 6.13312071e-01,  1.32700228e+00, -4.94269398e-01],
       [-4.64439881e-01, -1.67090049e-01, -1.47044793e-01],
       [ 2.44255663e+00,  1.84476045e+00, -3.72364643e+00],
       [-6.13821406e-01, -4.02755599e-01,  2.80215702e-01],
       [ 3.06037763e-01,  7.42300565e-02,  3.86326922e-01],
       [ 1.34713595e+00,  8.04031022e-02,  1.81224833e-01],
       [ 1.16362923e+00,  9.57227409e-01, -1.52102015e+00],
       [ 4.14990794e-01,  2.61929541e-01,  5.34005374e-01],
       [-7.44297215e-01,  2.89525992e-01, -1.59956848e+00],
       [ 6.98005072e-01, -4.19174315e-01,  4.50533450e-01],
       [-3.29349672e-01, -2.15507950e-01, -1.09582250e+00],
       [-6.93287681e-01, -2.22740719e-01,  2.51991269e-01],
       [-2.12231630e-01, -2.20092179e-01, -8.32472680e-02],
       [-4.49451209e-01,  6.32039728e-01, -1.87448521e-01],
       [-1.30467302e+00,  8.60583532e-01, -3.13335206e+00],
       [-2.63282849e-01,  9.07516155e-02, -1.12979820e-01],
       [-2.27491711e+00, -5.26699812e+00, -6.53737257e-01],
       [ 1.46330574e+00,  1.16318835e+00, -2.07281993e+00],
       [-1.01345463e-01,  5.30293414e-01, -4.45707882e-02],
       [-7.37003236e-02,  9.64669865e-01,  4.43563020e-01],
       [-1.24812972e-01,  1.56295746e-01,  3.00693491e-02],
       [ 3.18322995e+00, -4.05354719e+00, -3.60667709e+00],
       [-1.12404850e+00,  1.53223349e+00, -8.03367382e-01],
       [-2.59109176e-01,  5.31412612e-01,  6.17931604e-01],
       [ 8.44322335e-01, -1.39421387e+00, -3.29850097e-01],
       [-7.19902948e-01, -3.66311655e-01,  1.15770005e+00],
       [-1.35648561e-01,  7.40849013e-02, -7.65950988e-02],
       [-6.01445479e-01,  1.04231222e+00, -3.47247644e-01],
       [ 9.77958325e-02,  6.47141495e-02, -1.74611749e-02],
       [ 9.22153395e-02,  3.43216878e-01, -3.87463676e-01],
       [-8.32815963e-02, -5.58328261e-01, -2.23779124e-02],
       [-1.51584737e+00, -4.69234737e-01,  2.25709686e+00],
       [ 2.21006295e-01, -4.18974627e-01, -7.38009852e-01],
       [ 1.58556176e-01, -7.41887409e-01,  9.58619103e-02],
       [-1.01517120e-01,  7.25955792e-02, -3.85613221e-01],
       [ 1.65762605e+00,  3.40378075e+00,  2.27411728e+00],
       [ 8.84574002e-02, -6.83928641e-01,  2.80209196e-01],
       [-1.49076593e-02,  4.95919974e-02,  4.28599247e-01],
       [-1.90798694e+00,  1.39951585e+00,  2.53915217e+00],
       [ 9.66415386e-02,  4.46700639e-01,  2.86830382e-01]]), array([[-1.00032701, -0.52477238,  2.13439949, -0.24628219,  1.97157607,
        -3.27493951, -2.12782324, -0.52372795, -0.1107228 , -0.64917884,
        -7.33730628,  0.42660491, -0.15881586,  3.94569751, -0.36591083,
        -0.75703848, -0.69497864,  1.10634721, -0.3995733 , -0.91108878,
        -0.3458594 , -0.3571508 , -0.33628793, -0.15141159, -0.60431735,
        -2.60496887, -0.17202538, -5.30445609,  1.65467636, -0.41834915,
        -0.58503358, -0.4939733 ,  5.66040672, -1.352975  , -0.94265783,
         0.58913085, -1.03516937, -0.3609622 , -0.68829795, -0.49071815,
        -0.16132858, -0.06255916, -1.99417756,  0.27990805, -0.20165159,
         0.02849662,  2.91170402, -0.29238578, -0.54620138, -2.79625412,
        -0.64194175]])]
############################################################################
indeces:[ 17  19  46  20  36  53  48  25  85  39 114  87  13  47  44  31   8  96
  62  60  26  69 117  49 103  29  68  56  77  71  92   2  89  21 107  67
  40   4 106  23  94   9   1 100  28 104  30 108  61  79  35  43  57  70
  58  45  12  55  59   6  88  98  91  32  82 105  72  74  10  38 109  27
  16  75  51  50 110 112  73  99 113 115 111  22  90  64  41  84  86   5
  78   3  93  52  63  34  95  14 101  54 116  33  11  83  18  37  97  65
  80   0  76 102  66   7  15  81  24  42]
lbd:0,alpha:0.5,
 shape:[(50, 3), (1, 51)] 
loss: 0.41955350095792143
Final weights: [array([[-1.33362496e+00,  1.16181256e+00, -2.42071856e+00],
       [ 6.55904223e-01,  1.24068989e-01, -8.23288931e-01],
       [-2.22198996e-01, -9.20140199e-01,  8.11960379e-02],
       [ 7.71355272e-01,  1.57283748e-02,  4.49961796e-01],
       [ 3.94872443e-01,  3.45876684e-01,  2.12235958e-01],
       [ 6.57773028e-01, -2.71255558e-03,  4.64364280e-02],
       [-4.70205504e-01,  1.58071697e-01, -1.16352886e-01],
       [-4.97964250e-01, -2.00264830e-01,  2.38051853e-01],
       [ 3.68021990e-01, -4.77535592e-01,  2.94669775e-01],
       [-4.37476976e-01, -8.99259713e-02, -5.79217843e-01],
       [-5.70364733e-01,  2.05584141e-02, -2.21306622e-01],
       [ 6.15042535e-01,  2.46371531e-02,  3.80347128e-01],
       [ 1.33995611e+00,  7.05454315e-01,  4.67920876e+00],
       [-2.62272493e-01,  6.90458989e-01,  2.76939021e-01],
       [-8.51642000e-01, -1.43728830e-01, -2.09711599e-01],
       [-1.74163126e+00,  1.42641301e+00,  2.01389445e+00],
       [-2.54721468e-01, -1.54507775e-01, -2.76839201e-01],
       [-7.36153243e-01, -1.43874427e+00,  5.36660742e-01],
       [ 4.59837219e-01, -4.59719937e-01, -5.30069394e-02],
       [-1.73300298e+00, -4.46207749e+00, -2.47523473e-01],
       [ 1.84965577e+00,  2.34632224e+00, -2.44115008e+00],
       [ 1.39659760e+00, -1.94836465e+00, -5.99199708e-01],
       [-1.47857419e-01,  7.57101770e-01,  3.63619305e-01],
       [ 1.30033186e+00, -2.69816481e-02,  3.15934926e-01],
       [ 9.83518302e-01,  1.95488851e+00, -1.13522545e+00],
       [ 1.03466531e+00, -1.44187067e+00, -3.36413032e-01],
       [-2.99931053e-01,  9.82357172e-02,  3.03503590e-01],
       [-4.31328664e-01, -1.14613806e-01,  3.57016236e-01],
       [-2.36663384e-02, -2.71725961e-01, -6.98095985e-01],
       [ 4.22370407e-02, -1.79028954e-01, -9.88805769e-02],
       [ 1.03950274e+00,  2.34821260e-01, -1.10213989e+00],
       [ 3.12519901e-01,  2.83505497e-01, -8.35146660e-03],
       [-9.37921064e-02, -4.44688433e-01,  4.25949173e-01],
       [-6.26999374e-01,  1.06355608e-01, -1.69764661e+00],
       [-1.45990903e+00, -2.11660977e+00, -3.65098816e+00],
       [ 7.54768985e-01,  1.95695433e-01, -4.79466228e-01],
       [-6.78888021e-01,  8.96297316e-02,  2.35337751e-01],
       [ 1.36905387e+00,  7.27959841e-02,  1.46245535e-01],
       [-3.02346866e+00,  5.54851996e+00,  3.10310661e+00],
       [ 3.32264893e-01, -3.85154120e-01, -2.38255277e-01],
       [-5.14558220e-01, -2.49244424e-01, -1.76360090e-02],
       [-6.04273260e-01,  5.31505905e-01, -8.35553258e-03],
       [-1.24392792e-01,  1.82548391e-01,  4.21024426e-01],
       [-1.68167443e+00, -2.12154952e+00,  2.16749434e+00],
       [ 1.32968298e+00, -1.99157328e-01, -2.55524876e-01],
       [-1.60043646e-02,  1.05464334e+00, -3.96981746e-01],
       [-1.11587253e+00,  4.43922939e-01, -3.06725524e-01],
       [ 5.97202235e-02,  2.11655398e-01, -7.50815524e-01],
       [-2.50493776e-01, -2.42300035e-01,  7.50789464e-01],
       [ 4.37804138e-01,  2.99976331e-01, -1.74022860e-01]]), array([[-2.69320193e-01, -2.19421602e+00,  1.66541940e-01,
        -4.50434392e-01,  1.61126541e-02, -1.31858162e-01,
        -1.27494117e-01, -6.76159034e-02,  9.63572120e-02,
         3.46334124e-01, -4.72093713e-01, -6.17645073e-02,
         5.78777046e-02,  4.91098445e+00, -3.64546894e-01,
        -9.42425670e-02, -1.95507497e+00,  6.30614880e-02,
        -1.04963494e+00, -1.48125064e-01, -3.88879371e+00,
         3.05764271e+00,  1.42633580e+00, -4.22475543e-02,
        -1.79133896e-01,  1.33572719e+00,  7.96046706e-01,
         1.39600504e-01, -1.43221805e-01, -3.34397687e-01,
        -1.91635283e-01,  3.70717518e-01, -2.70522599e-03,
        -1.21891705e-01, -1.06474070e+00, -3.57369217e+00,
        -7.23496896e-02, -1.96590038e-02, -1.07850811e-01,
        -6.99595558e+00, -2.33103186e-01, -8.75543372e-02,
        -3.11231354e-01, -8.18375994e-02, -2.65215685e+00,
        -2.67906970e-01, -2.93594919e-02, -2.09591910e-01,
        -1.67969054e-01, -3.04347876e-01, -9.02765913e-02]])]
#######################################