#####################################
indeces:[ 84  26  24  46  57  45  15   8  97  49  55 103  54  29  56 107  19 113
  91   9  85 116  72  38  81  67  28  82  44  99   2  86 110  69  32 111
  78  25  62  36  71  31  21  48 109  65  87 102  59  80  51 105 106 117
  13  17  61  75  98   7  41  52  68  50  90  96  30  66 114 115  74  20
  39  89  22  14  60  23  16  95 108  47  88  27   3  10   4   1  93  63
  40  70  34  58  94 100  53  12 104  64  79  92  73   6  11  77  18  43
 101  33  37  76  35   5   0  42 112  83]
lbd:0,alpha:0.5,
 shape:[(50, 3), (1, 51)] 
loss: 0.44881920268222775
Final weights: [array([[ 0.1730056 ,  0.50913671,  1.03188792],
       [-0.10775402, -0.13212156,  0.46116529],
       [ 1.36952389,  2.3811846 ,  2.66025739],
       [ 0.59348046, -0.40952481,  0.07393254],
       [ 0.43014718,  0.19151411, -0.57736916],
       [ 0.15541533, -0.36865374,  0.47953742],
       [ 0.38173706,  0.93592794,  0.35758591],
       [-0.20324959,  0.17630016,  0.05279387],
       [ 0.14742415, -0.11355904,  0.51915515],
       [ 0.4621071 , -0.1420192 , -0.98284773],
       [-2.13203211, -1.33882585,  2.85370383],
       [-0.95715775,  1.10312347, -0.47103185],
       [-0.51457468,  0.36043588,  0.20755477],
       [ 0.94340392, -1.22820367, -0.79955893],
       [ 1.00314646, -1.53847159, -0.19698774],
       [-0.93139024, -0.19958664,  1.20904685],
       [-0.31935909, -0.34388679,  0.00708912],
       [-2.1069999 ,  3.38612108,  1.24642582],
       [ 1.07007089, -0.50601085, -1.32813491],
       [ 0.13846468,  0.42818818, -0.28651588],
       [ 0.68082661,  1.4849885 ,  0.81598308],
       [-2.10349223,  3.35103399,  1.28214742],
       [-0.05338915, -0.14847353,  0.45258643],
       [ 0.57229363, -0.17635804,  0.14703264],
       [-0.28828997, -0.26417315, -0.52859737],
       [ 0.8868559 ,  0.02532096,  0.94832977],
       [ 1.35629003, -1.57779896, -1.02715487],
       [-2.10069307, -2.86831023,  1.79409254],
       [-0.30530675, -0.02892035, -0.21194956],
       [-1.59884908, -2.82798743, -3.24721284],
       [ 0.35215082,  0.73098026,  0.61657242],
       [-1.27510733,  0.92081104, -2.01018587],
       [-0.02534653,  0.17296052, -0.09998638],
       [-0.30697044,  0.55574691, -0.86333828],
       [ 0.29695277, -0.13374299,  0.24629994],
       [ 0.3810165 , -0.4684995 ,  0.00939912],
       [-0.17197943, -0.67559136, -0.76041725],
       [-0.31520039,  0.32872865,  0.28622336],
       [ 0.08937547,  0.35036436, -0.03460712],
       [ 0.01358491,  0.37726505,  0.36024483],
       [-0.3482397 , -0.74894191,  0.27919117],
       [ 1.32915623, -0.81490622,  2.72072605],
       [-1.3952745 ,  1.70470666, -1.60385579],
       [ 0.50609613,  0.02260842, -0.63080165],
       [ 0.84006167, -0.38733715,  0.6000271 ],
       [-1.30014072, -2.10131864,  0.63609963],
       [ 0.46565476,  1.24409885,  0.03953591],
       [-0.18706225,  0.18636967, -0.63503055],
       [-0.10387731, -0.27910884,  0.00562841],
       [ 0.03417309, -0.4192619 ,  0.04145083]]), array([[-2.91135473e-01,  1.59753242e-01, -3.13017332e-01,
         2.78850653e+00, -1.53975166e-01,  2.53357810e-01,
        -2.33563290e-01,  2.74790659e-01, -1.50506952e-01,
        -2.77594819e-03,  2.90849974e-01, -2.83999010e+00,
        -6.66234807e-01, -2.08254653e-01,  8.30684043e-01,
         8.55814463e-01, -9.10188929e-01, -1.99099717e-01,
        -3.11605986e+00,  8.79367172e-01,  1.49900470e-02,
         8.29941242e-01, -3.17739743e+00, -5.06124721e-01,
        -4.40612552e-01, -9.54344228e-02,  3.26956371e-01,
         1.24761956e+00, -3.30098322e+00, -1.82316001e-01,
        -3.80671891e+00,  2.19395847e-01, -1.59615382e+00,
        -3.20397295e-01, -3.64688356e-01, -2.62721822e-01,
        -5.85916135e-02, -3.28515761e-01, -1.99923443e-01,
        -1.29254654e-01, -2.38825817e-01, -5.19661243e-01,
         2.07508271e+00, -1.68656120e+00,  3.39511894e-01,
         7.33613916e-02, -1.74836219e+00,  5.30019478e-01,
        -1.96238378e-01, -2.07022746e-01, -9.37435337e-02]])]
#######################################
#####################################
indeces:[ 45  54  21  99  46  63  17 112  71  40 106  47  22 114   8  56  34  86
  35  55  42 116  10 110 111 104  19  52  75  65  84  92  62   4  51  25
  79  16  29  80  53  81  36   2  68   3 101  70  15   5 113  24  97  87
  44  76  14 108 115  38   6  49  37 103  69  85  61  50  59  90  91  74
  78  98  93  94  88  77  82   9 109 105 117  39   7  60  13  57  28  30
  41 107  23  48  66  89  33  64  95  96  32  67  26  72  18  12  11   0
  27 100  83 102   1  31  58  20  43  73]
lbd:0,alpha:0.5,
 shape:[(50, 3), (1, 51)] 
loss: 0.2876042103897345
Final weights: [array([[ 6.50985202e-01,  2.47349836e-01, -5.90786612e-03],
       [ 1.99001313e+00, -2.62142095e+00,  1.32706181e+00],
       [ 1.65212564e-01, -5.61940115e-01,  8.25655990e-02],
       [ 1.54667472e+00,  1.74398043e+00, -2.03414377e+00],
       [-2.13945459e+00,  3.39144863e+00,  2.68079417e-01],
       [-1.31246336e+00, -2.68998467e+00, -5.21006224e-01],
       [ 1.55602876e-01,  4.37699548e-01,  1.31060771e-01],
       [ 3.85264590e-01,  4.21755228e-01, -3.67381106e-01],
       [ 1.22031769e+00,  1.99033574e-01,  1.78782569e-02],
       [-7.80249599e-01, -1.53235786e-01, -6.80273327e+00],
       [ 6.13312071e-01,  1.32700228e+00, -4.94269398e-01],
       [-4.64439881e-01, -1.67090049e-01, -1.47044793e-01],
       [ 2.44255663e+00,  1.84476045e+00, -3.72364643e+00],
       [-6.13821406e-01, -4.02755599e-01,  2.80215702e-01],
       [ 3.06037763e-01,  7.42300565e-02,  3.86326922e-01],
       [ 1.34713595e+00,  8.04031022e-02,  1.81224833e-01],
       [ 1.16362923e+00,  9.57227409e-01, -1.52102015e+00],
       [ 4.14990794e-01,  2.61929541e-01,  5.34005374e-01],
       [-7.44297215e-01,  2.89525992e-01, -1.59956848e+00],
       [ 6.98005072e-01, -4.19174315e-01,  4.50533450e-01],
       [-3.29349672e-01, -2.15507950e-01, -1.09582250e+00],
       [-6.93287681e-01, -2.22740719e-01,  2.51991269e-01],
       [-2.12231630e-01, -2.20092179e-01, -8.32472680e-02],
       [-4.49451209e-01,  6.32039728e-01, -1.87448521e-01],
       [-1.30467302e+00,  8.60583532e-01, -3.13335206e+00],
       [-2.63282849e-01,  9.07516155e-02, -1.12979820e-01],
       [-2.27491711e+00, -5.26699812e+00, -6.53737257e-01],
       [ 1.46330574e+00,  1.16318835e+00, -2.07281993e+00],
       [-1.01345463e-01,  5.30293414e-01, -4.45707882e-02],
       [-7.37003236e-02,  9.64669865e-01,  4.43563020e-01],
       [-1.24812972e-01,  1.56295746e-01,  3.00693491e-02],
       [ 3.18322995e+00, -4.05354719e+00, -3.60667709e+00],
       [-1.12404850e+00,  1.53223349e+00, -8.03367382e-01],
       [-2.59109176e-01,  5.31412612e-01,  6.17931604e-01],
       [ 8.44322335e-01, -1.39421387e+00, -3.29850097e-01],
       [-7.19902948e-01, -3.66311655e-01,  1.15770005e+00],
       [-1.35648561e-01,  7.40849013e-02, -7.65950988e-02],
       [-6.01445479e-01,  1.04231222e+00, -3.47247644e-01],
       [ 9.77958325e-02,  6.47141495e-02, -1.74611749e-02],
       [ 9.22153395e-02,  3.43216878e-01, -3.87463676e-01],
       [-8.32815963e-02, -5.58328261e-01, -2.23779124e-02],
       [-1.51584737e+00, -4.69234737e-01,  2.25709686e+00],
       [ 2.21006295e-01, -4.18974627e-01, -7.38009852e-01],
       [ 1.58556176e-01, -7.41887409e-01,  9.58619103e-02],
       [-1.01517120e-01,  7.25955792e-02, -3.85613221e-01],
       [ 1.65762605e+00,  3.40378075e+00,  2.27411728e+00],
       [ 8.84574002e-02, -6.83928641e-01,  2.80209196e-01],
       [-1.49076593e-02,  4.95919974e-02,  4.28599247e-01],
       [-1.90798694e+00,  1.39951585e+00,  2.53915217e+00],
       [ 9.66415386e-02,  4.46700639e-01,  2.86830382e-01]]), array([[-1.00032701, -0.52477238,  2.13439949, -0.24628219,  1.97157607,
        -3.27493951, -2.12782324, -0.52372795, -0.1107228 , -0.64917884,
        -7.33730628,  0.42660491, -0.15881586,  3.94569751, -0.36591083,
        -0.75703848, -0.69497864,  1.10634721, -0.3995733 , -0.91108878,
        -0.3458594 , -0.3571508 , -0.33628793, -0.15141159, -0.60431735,
        -2.60496887, -0.17202538, -5.30445609,  1.65467636, -0.41834915,
        -0.58503358, -0.4939733 ,  5.66040672, -1.352975  , -0.94265783,
         0.58913085, -1.03516937, -0.3609622 , -0.68829795, -0.49071815,
        -0.16132858, -0.06255916, -1.99417756,  0.27990805, -0.20165159,
         0.02849662,  2.91170402, -0.29238578, -0.54620138, -2.79625412,
        -0.64194175]])]
############################################################################
indeces:[ 17  19  46  20  36  53  48  25  85  39 114  87  13  47  44  31   8  96
  62  60  26  69 117  49 103  29  68  56  77  71  92   2  89  21 107  67
  40   4 106  23  94   9   1 100  28 104  30 108  61  79  35  43  57  70
  58  45  12  55  59   6  88  98  91  32  82 105  72  74  10  38 109  27
  16  75  51  50 110 112  73  99 113 115 111  22  90  64  41  84  86   5
  78   3  93  52  63  34  95  14 101  54 116  33  11  83  18  37  97  65
  80   0  76 102  66   7  15  81  24  42]
lbd:0,alpha:0.5,
 shape:[(50, 3), (1, 51)] 
loss: 0.41955350095792143
Final weights: [array([[-1.33362496e+00,  1.16181256e+00, -2.42071856e+00],
       [ 6.55904223e-01,  1.24068989e-01, -8.23288931e-01],
       [-2.22198996e-01, -9.20140199e-01,  8.11960379e-02],
       [ 7.71355272e-01,  1.57283748e-02,  4.49961796e-01],
       [ 3.94872443e-01,  3.45876684e-01,  2.12235958e-01],
       [ 6.57773028e-01, -2.71255558e-03,  4.64364280e-02],
       [-4.70205504e-01,  1.58071697e-01, -1.16352886e-01],
       [-4.97964250e-01, -2.00264830e-01,  2.38051853e-01],
       [ 3.68021990e-01, -4.77535592e-01,  2.94669775e-01],
       [-4.37476976e-01, -8.99259713e-02, -5.79217843e-01],
       [-5.70364733e-01,  2.05584141e-02, -2.21306622e-01],
       [ 6.15042535e-01,  2.46371531e-02,  3.80347128e-01],
       [ 1.33995611e+00,  7.05454315e-01,  4.67920876e+00],
       [-2.62272493e-01,  6.90458989e-01,  2.76939021e-01],
       [-8.51642000e-01, -1.43728830e-01, -2.09711599e-01],
       [-1.74163126e+00,  1.42641301e+00,  2.01389445e+00],
       [-2.54721468e-01, -1.54507775e-01, -2.76839201e-01],
       [-7.36153243e-01, -1.43874427e+00,  5.36660742e-01],
       [ 4.59837219e-01, -4.59719937e-01, -5.30069394e-02],
       [-1.73300298e+00, -4.46207749e+00, -2.47523473e-01],
       [ 1.84965577e+00,  2.34632224e+00, -2.44115008e+00],
       [ 1.39659760e+00, -1.94836465e+00, -5.99199708e-01],
       [-1.47857419e-01,  7.57101770e-01,  3.63619305e-01],
       [ 1.30033186e+00, -2.69816481e-02,  3.15934926e-01],
       [ 9.83518302e-01,  1.95488851e+00, -1.13522545e+00],
       [ 1.03466531e+00, -1.44187067e+00, -3.36413032e-01],
       [-2.99931053e-01,  9.82357172e-02,  3.03503590e-01],
       [-4.31328664e-01, -1.14613806e-01,  3.57016236e-01],
       [-2.36663384e-02, -2.71725961e-01, -6.98095985e-01],
       [ 4.22370407e-02, -1.79028954e-01, -9.88805769e-02],
       [ 1.03950274e+00,  2.34821260e-01, -1.10213989e+00],
       [ 3.12519901e-01,  2.83505497e-01, -8.35146660e-03],
       [-9.37921064e-02, -4.44688433e-01,  4.25949173e-01],
       [-6.26999374e-01,  1.06355608e-01, -1.69764661e+00],
       [-1.45990903e+00, -2.11660977e+00, -3.65098816e+00],
       [ 7.54768985e-01,  1.95695433e-01, -4.79466228e-01],
       [-6.78888021e-01,  8.96297316e-02,  2.35337751e-01],
       [ 1.36905387e+00,  7.27959841e-02,  1.46245535e-01],
       [-3.02346866e+00,  5.54851996e+00,  3.10310661e+00],
       [ 3.32264893e-01, -3.85154120e-01, -2.38255277e-01],
       [-5.14558220e-01, -2.49244424e-01, -1.76360090e-02],
       [-6.04273260e-01,  5.31505905e-01, -8.35553258e-03],
       [-1.24392792e-01,  1.82548391e-01,  4.21024426e-01],
       [-1.68167443e+00, -2.12154952e+00,  2.16749434e+00],
       [ 1.32968298e+00, -1.99157328e-01, -2.55524876e-01],
       [-1.60043646e-02,  1.05464334e+00, -3.96981746e-01],
       [-1.11587253e+00,  4.43922939e-01, -3.06725524e-01],
       [ 5.97202235e-02,  2.11655398e-01, -7.50815524e-01],
       [-2.50493776e-01, -2.42300035e-01,  7.50789464e-01],
       [ 4.37804138e-01,  2.99976331e-01, -1.74022860e-01]]), array([[-2.69320193e-01, -2.19421602e+00,  1.66541940e-01,
        -4.50434392e-01,  1.61126541e-02, -1.31858162e-01,
        -1.27494117e-01, -6.76159034e-02,  9.63572120e-02,
         3.46334124e-01, -4.72093713e-01, -6.17645073e-02,
         5.78777046e-02,  4.91098445e+00, -3.64546894e-01,
        -9.42425670e-02, -1.95507497e+00,  6.30614880e-02,
        -1.04963494e+00, -1.48125064e-01, -3.88879371e+00,
         3.05764271e+00,  1.42633580e+00, -4.22475543e-02,
        -1.79133896e-01,  1.33572719e+00,  7.96046706e-01,
         1.39600504e-01, -1.43221805e-01, -3.34397687e-01,
        -1.91635283e-01,  3.70717518e-01, -2.70522599e-03,
        -1.21891705e-01, -1.06474070e+00, -3.57369217e+00,
        -7.23496896e-02, -1.96590038e-02, -1.07850811e-01,
        -6.99595558e+00, -2.33103186e-01, -8.75543372e-02,
        -3.11231354e-01, -8.18375994e-02, -2.65215685e+00,
        -2.67906970e-01, -2.93594919e-02, -2.09591910e-01,
        -1.67969054e-01, -3.04347876e-01, -9.02765913e-02]])]
############################################################################
indeces:[100  52  54  23 105  64   9   0  41  24  13  87  47  32  80  67 112 117
  59  60  83  22  51  12  70  58  77  33  94 109  97   4  66  50 113  27
  82 102 107   2  14 104  91  30 106 111  44  21  93  55  29 114 115  56
 101  16  46   1  28  45  43  26  40  11  57  63  85  76  10  71  90  79
  25  89  81  61  53  31   5  95  37  39   3  42  96  92   7 116  18  35
  84  34  65 110   6  88 108  15  86  98  74  78  48  99  38  73  36  17
  20  72  68   8  75  69  19  62 103  49]
lbd:0,alpha:0.5,
 shape:[(50, 3), (1, 51)] 
loss: 0.39406937410730786
Final weights: [array([[-1.4027914 ,  0.43745404,  1.92940743],
       [-1.8581201 , -1.85927318,  1.50487347],
       [ 0.88723352,  1.81123931,  0.17509914],
       [-0.74212637,  0.2744329 ,  1.16650837],
       [-1.43643773, -5.80900846, -2.36989872],
       [-0.61846363,  0.48973822, -1.63043555],
       [ 1.17833657, -0.49427553, -1.65331456],
       [ 0.46546525,  0.20473425,  0.50801037],
       [-0.30125463, -0.68857833, -0.70987746],
       [ 0.65449681,  0.65130382,  0.21889726],
       [ 0.09022673,  0.01614305, -0.7357115 ],
       [ 0.11631311, -0.71804248, -0.65213096],
       [ 0.11802628, -0.66423413, -0.19362846],
       [ 0.094159  , -0.32478796,  0.69626285],
       [ 2.95312587, -0.11695822, -4.46744735],
       [-0.79717887, -0.47126771, -1.27804889],
       [ 0.22024268,  0.57377248, -0.8473297 ],
       [ 0.30016685, -0.80247072,  0.49122097],
       [-0.22865514,  0.4484668 ,  0.06550735],
       [-0.44063799, -0.26918957,  0.5470585 ],
       [-0.31200006,  0.26646191,  0.50896629],
       [ 0.00861324, -0.11124712, -0.45971867],
       [-0.20685027,  0.23366516, -0.16800321],
       [ 1.0480406 , -0.60398985, -0.06830534],
       [ 0.50578542, -0.55029505, -0.17022104],
       [ 0.86090783, -0.59125779, -1.33731422],
       [-1.52950331,  0.24621851,  0.27132193],
       [ 0.44551327,  0.73851763, -0.81915382],
       [-0.20023841,  0.30184892,  0.6745049 ],
       [ 0.29757189,  0.01262399,  0.4742735 ],
       [ 0.62315546, -1.1165715 , -0.18219479],
       [-0.20094902,  0.6077062 , -0.63724781],
       [-0.73402448, -0.26918595, -1.09369877],
       [ 3.37092731, -4.98666233, -3.50898636],
       [-0.11182871,  0.23279139,  0.41831251],
       [ 0.26726742,  0.01694966, -0.82003912],
       [ 1.17121334, -0.1735669 ,  0.10609263],
       [ 1.40380275, -0.42282601, -1.27585637],
       [-0.97293507,  1.33126042, -3.77776144],
       [ 0.1630686 , -0.66760162,  0.22531388],
       [-0.32363763, -0.33082335,  0.25472176],
       [-0.89935935, -1.55312114,  0.12382027],
       [-1.11754889,  1.89041379,  0.10964672],
       [ 1.24079795,  0.21687939, -0.33118628],
       [-0.57287953,  0.97616333, -4.78175866],
       [ 1.0772135 ,  1.37264582, -0.73847749],
       [-0.32537403,  0.26613101, -0.34656551],
       [ 0.1229898 , -0.62912941,  0.24837914],
       [-0.52006253,  0.8642708 , -0.25861214],
       [ 0.21880544, -0.4351985 , -0.34623991]]), array([[-0.53897377, -1.70727521, -2.16162029,  0.93879917, -1.24020469,
        -6.41350959, -0.83564616,  1.1402306 , -0.45241281, -0.31110178,
        -0.09289979,  0.14968022,  0.06295495,  0.01020286, -0.30559895,
         4.06611928, -0.61541578,  0.19569441, -0.09399697, -0.16994522,
        -0.53411559, -0.54310747, -0.27793567, -0.12501774,  0.04681656,
        -0.07788275,  0.85487412, -0.26305974,  0.18332897, -0.74794225,
        -0.67373718,  0.27083686, -0.29348213, -0.61216614,  5.7415247 ,
        -0.51396773,  0.27624895, -0.36220536,  0.72424713, -3.21237031,
        -0.13206988, -0.38759277, -1.12456463, -1.25697454, -0.10651531,
        -4.26965687,  0.99847073, -0.03067828, -0.35545727, -0.32149718,
         0.03804378]])]
############################################################################
indeces:[ 29 104   3   7 117 116 115  65  79  96  27  52 110  50  17 114  48  25
  69  83   5  68  84  44  58  34  81  67  70  49  35 103 100  73  56 109
  23  14  78   9  60 108 102  38  76  13  62  89  92  86  32  30  59  40
  87  53  45  36  98  90  71  11 113  51  85  46 107 111   8  21  12  75
  93   0  43  37  42  95  64  19  39  41  33  47  74   4  57  31  97  91
  63   2  66  24  99  55   1  16  77   6  88  82 112  54  94  61 106  26
  15  80  72  28  10 105  22 101  18  20]
lbd:0,alpha:0.5,
 shape:[(50, 3), (1, 51)] 
loss: 0.4129769258033164
Final weights: [array([[-0.39900967,  0.36592851,  0.15740576],
       [-0.16219498,  0.30925407, -0.05513437],
       [-2.09893777, -5.3912396 , -4.37916602],
       [ 0.63526424, -0.23514254,  0.34488569],
       [ 0.61139944, -1.1178477 ,  0.34364309],
       [-1.80953974,  2.46822916, -3.62852362],
       [ 1.36455637,  1.04384615,  0.77700896],
       [-0.4321205 , -0.51297699, -0.03115653],
       [ 0.23876375, -0.64502751, -0.63342251],
       [-2.96626011, -0.75255457,  4.16596721],
       [ 1.57267542, -2.21441879,  0.85090388],
       [ 0.2473048 , -0.40098241, -0.70204189],
       [ 0.03541507,  0.13334475,  0.68510483],
       [ 0.46637708, -0.2174628 , -0.63474496],
       [ 1.30892307,  0.81349754, -1.5808878 ],
       [-0.27588722,  0.06497689, -0.60534193],
       [-0.24166712, -0.26203453,  0.25275168],
       [-1.24843403,  0.62078743,  1.30615082],
       [ 0.6873243 , -0.00640442,  0.20038259],
       [-0.86185987,  1.33114356,  0.81766627],
       [ 1.55696305, -1.60312045, -1.68411025],
       [-1.36422811,  1.79331701, -0.15949508],
       [-0.14724922,  0.0093313 ,  0.29305766],
       [ 0.61474382,  0.04297832,  0.01327314],
       [ 1.26632133, -0.61838139, -0.930979  ],
       [ 1.70288294, -0.20492714, -2.30786568],
       [-0.1609814 , -0.7267763 , -0.11983691],
       [ 1.29851104,  0.16463147,  0.06645642],
       [ 0.13448528, -0.68735172, -0.02497588],
       [ 0.39720477, -0.59570156, -0.59981941],
       [ 0.49206562, -0.13572577,  0.20903491],
       [ 1.46413182, -1.11822756, -1.78933648],
       [ 0.4081286 , -0.15914659,  0.09131996],
       [ 1.16336787,  0.03565525,  0.17064462],
       [ 0.82047972,  0.28334582,  0.04630158],
       [-0.17444809, -0.3857654 ,  0.05335229],
       [ 0.67209371,  0.13239969,  0.09642664],
       [ 0.72451707, -0.62297619,  1.01083185],
       [-0.69429265, -0.48443464,  0.35766288],
       [-0.02708082,  0.10319914,  0.59730229],
       [-0.97502232, -0.49542864,  0.07169117],
       [-0.23436483,  0.47005394,  0.22038659],
       [-0.30010052,  0.65206759,  0.69474282],
       [-0.36613151,  0.01644794,  0.68838206],
       [ 0.15065611, -0.77713998, -0.42122958],
       [ 2.0797408 ,  4.70107052,  0.79134179],
       [-1.13797205,  1.52475927, -1.40206181],
       [-0.36906973,  0.39633067, -0.33069918],
       [-0.3516612 , -0.21276402, -0.86579085],
       [ 0.05021754, -0.34989241,  0.44908821]]), array([[-0.660015  , -0.52414727, -0.61753587, -7.1287726 , -0.21001133,
         0.55109555, -4.39126781,  0.30867856, -0.06877762,  0.46239116,
        -4.22709287,  1.88129383,  0.42128037, -0.5181631 ,  0.20719866,
         1.11752725, -0.13481208, -0.27519523, -1.20228323, -0.37715003,
        -1.55287894,  1.90243463, -1.47781776, -0.41858005, -0.36320365,
         0.57961512,  1.75765371,  0.12812491, -0.71614956,  0.17376402,
         0.45753684, -0.31459485,  1.65480684, -0.21400428, -0.53196317,
        -0.54622408, -0.06292622, -0.53126511,  0.43126531, -0.36722574,
        -0.48003431, -0.20448868, -0.55547247, -0.96125654, -0.65905836,
         0.52668864,  3.9096664 , -1.66863827, -0.3589894 , -0.3689477 ,
        -0.26211999]])]
############################################################################
indeces:[ 62  53  43  48 113  34   3  95  85 105  12  90  82  42  13  18  93  67
  71 114   9  50  45   6 111  73  87 115  65  30  63  79 107  66  99 110
  49  47  81  19  21  35  39  72  80  17  86 112  88  32 109  51  57   5
 106  26  20  11  97 117  68  28  46  27  40 100  31  10   1  23   7  15
  84  98  75  96  55 103  37  52  16  92  64  76  44  91   0  70  77  61
  29  22  69  74  41  94  89   4 102  78  60  24  25 108  14  59  54  83
  33 116 101   2  38   8 104  36  56  58]
lbd:0,alpha:0.5,
 shape:[(50, 3), (1, 51)] 
loss: 0.27710212906359893
Final weights: [array([[-1.34489194e-01, -5.88668427e-02, -3.92304185e-01],
       [ 6.86836959e-01,  2.14708102e-01,  2.63122250e-01],
       [-7.37232435e-01, -4.47063071e-01,  1.12376268e-01],
       [ 2.40533225e+00, -6.63242114e-01, -1.99128724e+00],
       [ 4.27733806e+00,  8.50621811e-01, -6.07310780e+00],
       [-2.71920979e+00,  5.28916805e+00, -4.79427507e-01],
       [ 7.48044330e-02,  4.88304880e-01,  1.02216906e-01],
       [-1.33821124e-01,  1.23908592e-01,  2.48945984e-01],
       [ 9.65951783e-02, -4.92434657e+00, -1.78397955e+00],
       [-6.68689545e-01, -8.47612111e-01, -1.78515412e-01],
       [-4.11240374e-01, -3.38020000e+00, -1.07590918e+00],
       [ 5.55925563e-01,  7.80846968e-02,  1.08201486e+00],
       [-1.69182515e+00, -2.61456903e+00,  1.67192038e+00],
       [-3.83065300e-01,  8.21341432e-01,  8.87027348e-01],
       [-4.35545251e+00,  8.83111816e+00,  4.91153309e+00],
       [ 4.25877621e-01,  2.07338799e-01,  5.87239665e-02],
       [ 1.25181830e+00,  2.02277010e+00, -9.75847517e-01],
       [ 3.35419872e+00,  3.91892717e+00, -5.01386709e-01],
       [-1.37934817e+00,  1.56618138e+00, -1.97916096e+00],
       [ 4.27879282e-02, -1.01297744e+00, -9.95882798e-02],
       [-3.81529202e-01, -1.84877736e-01, -5.88461080e-01],
       [-2.93158595e-01,  8.36876689e-01, -7.54887105e-01],
       [-2.30463583e+00,  3.32078475e+00, -1.74185701e+00],
       [ 8.46413401e-01, -1.02818257e+00,  8.82496574e-01],
       [-3.74186075e+00,  3.07428682e+00,  2.40639914e+00],
       [ 5.53588349e-01,  2.71381638e-01,  1.29933149e-01],
       [-1.80594342e-01, -1.04359552e+00, -2.74459152e-01],
       [ 5.16534850e-01,  2.03473414e-01,  1.65916637e-01],
       [-6.44709048e-02, -1.53282734e-02, -6.40775632e-02],
       [-2.54477640e-01, -1.25253081e+00, -2.69363882e-01],
       [ 8.12342989e-01,  1.26434705e+00, -4.93886955e-01],
       [-9.76642506e-01,  1.26310461e+00, -5.84508991e-01],
       [-1.94394120e+00, -1.50215332e+00,  2.38769509e+00],
       [ 1.77861709e-01, -5.77540558e+00, -2.23051276e+00],
       [-3.98181117e-01, -1.88692724e-01,  3.74762189e-02],
       [ 2.41648250e-01, -2.58939291e-01,  3.14187053e-01],
       [-3.80706337e-01,  7.20461620e-01, -8.69642133e-01],
       [-2.72659854e+00,  2.68862498e-01, -3.35651854e+00],
       [ 1.43078150e+00, -3.87269399e-01, -1.05792664e+00],
       [ 4.54365924e-01,  1.33089329e-01,  1.28634926e-01],
       [ 9.14436495e-01,  1.62983418e-01,  5.04090695e-02],
       [ 5.38470450e-02,  5.28526904e-01, -6.68124584e-02],
       [ 9.98528365e-07,  3.04762768e-01,  4.12095349e-01],
       [-9.33688302e-01,  1.50018832e+00, -4.77145875e-01],
       [-1.47386644e+00, -1.93918870e+00, -2.53699015e+00],
       [ 1.70610720e+00, -8.62970091e-01,  2.22403536e+00],
       [-3.14515375e-01,  6.58314478e-01,  3.75949950e-01],
       [ 1.29931891e+00,  5.03351883e+00,  7.19371234e+00],
       [-1.36400103e+00,  1.99921887e+00, -3.53392041e-01],
       [ 4.41345084e+00,  1.46644024e+00, -6.45754753e+00]]), array([[-0.70634007, -0.15742801, -0.49899255, -0.19400667,  1.94971196,
         4.8592937 , -5.19362734, -0.83774493, -0.54755115, -3.80093551,
        -0.69035861, -2.76452207,  0.2059737 , -3.0413299 , -0.53759784,
        -9.63741112, -0.48774396,  1.18532326,  4.03568618, -2.38086602,
        -0.11064504, -0.29346318, -0.68780216, -4.11842879,  0.65532133,
        -4.26815125, -0.71471448, -0.2830013 , -0.69666022, -0.41877258,
        -0.3914275 ,  0.34816973, -1.24168445, -2.42032139, -4.37901917,
        -0.28163306, -0.21248319, -0.87284283, -3.86885136,  0.46047325,
        -0.78712233, -0.89409688, -0.72929039, -0.73571654, -1.3629923 ,
        -2.8647094 ,  2.47486956, -0.62557036,  7.41715595, -1.93120086,
         5.26679761]])]
############################################################################
indeces:[105  96  50  44   6  12 117  97  17  47 100  78  22   3   0  53  66  61
  91 110  92  73  68  35 102 109  10  23  70 108 107  34  55  95  80  39
  76  82 114  85  28   9  24 106   5  83  26  48  51  74  37  86  57  13
  19 113  42  18  20 116  46   8  81   4  54  29 111  72  77  93  45  40
  27  32  87  88  79  14 104  43  63  31  90  52 101   7  94   2 115   1
  11  58  89  62  69  16  36  33  41  56  49  98  38  75  59  99  64  84
  71  25  65  67 103 112  60  15  21  30]
lbd:0,alpha:0.5,
 shape:[(50, 3), (1, 51)] 
loss: 0.33947225199987174
Final weights: [array([[ 3.13930608e+00,  1.70803141e+00, -4.56289874e+00],
       [-4.40271977e-01,  7.39162861e-03,  5.82373184e-01],
       [ 2.22798942e-01,  3.96888545e-01, -6.46914189e-02],
       [ 2.37651138e+00,  1.48226595e+00, -2.60942917e+00],
       [ 1.23981605e+00, -1.20922192e+00,  1.49548843e+00],
       [-4.76658910e-01, -1.72124554e-01, -1.22581211e-01],
       [-1.01849532e+00, -7.02646520e+00, -3.06582576e+00],
       [-1.12414157e+00,  1.17092805e+00, -1.76266563e+00],
       [-1.83039930e-01,  1.10910546e+00, -3.98399616e-02],
       [-6.39478765e-01, -4.72121963e-01,  3.32757401e+00],
       [ 2.18222891e+00,  3.84281197e+00,  1.57231492e+00],
       [ 1.85124290e+00,  2.54395054e+00,  3.30134402e-02],
       [ 3.46441229e-01,  7.49851155e-02,  8.30643538e-01],
       [ 6.23809032e-01,  1.03941046e+00, -3.24055549e-01],
       [ 6.81746948e-01, -7.90576198e-01,  1.72580310e-01],
       [-2.64237487e+00,  5.63199674e+00, -3.93353881e+00],
       [-1.30916432e-01,  6.02723471e-01,  2.15154691e-01],
       [-2.47302975e+00, -2.48077896e+00, -4.01646774e+00],
       [ 4.64240922e-01,  1.28372765e+00, -8.45033346e-01],
       [-2.78870490e-01,  3.01220341e-01,  1.45539516e-01],
       [ 9.56585911e-02,  3.16750388e-01,  2.75867573e-01],
       [-1.70302327e+00, -1.84987909e+00,  1.13491434e+00],
       [-1.44462233e+00,  1.53028605e+00, -1.21022613e+00],
       [ 2.52042971e-01,  6.91959881e-01,  5.60307028e-02],
       [-1.43334617e-02,  9.40151189e-02,  6.71581628e-01],
       [-4.80059763e-01, -7.64172050e-01, -7.42809604e-01],
       [-4.12677749e-03,  5.12568546e-01,  2.34960227e-01],
       [-7.19132312e-01, -1.06642742e+00, -3.49998827e-01],
       [ 1.01063464e+00,  9.63930631e-01,  7.30480014e-01],
       [ 6.75114221e-01,  2.71302743e-01, -3.35276835e-01],
       [-4.69535668e-01, -1.15704637e+00, -1.92235996e+00],
       [ 1.92237959e-01,  9.89420041e-02,  4.69025253e-02],
       [ 5.21893762e-01,  1.01750336e-02,  9.65935166e-01],
       [ 1.79508686e-01, -6.52031701e-01, -3.70369121e-01],
       [-2.94729222e-02, -1.65610125e-01, -8.42272711e-02],
       [-9.05668682e-01, -1.53318160e-01, -1.20721415e+00],
       [-4.08280869e-01,  2.14075182e-02, -1.89514701e-02],
       [-6.80994579e+00,  4.03787231e-01,  9.41069770e+00],
       [ 1.91122249e-01,  7.05937356e-01, -1.36374216e-01],
       [ 3.09690830e+00, -3.15417578e+00, -9.96506136e-01],
       [ 9.74619876e-01,  4.20528947e-02, -1.60226626e-01],
       [ 4.55260994e-01,  2.53548297e-01, -1.37371013e-01],
       [ 2.40157642e+00, -2.79386995e+00,  1.60453481e+00],
       [-3.71062377e+00,  5.06440263e+00,  3.88158781e+00],
       [-4.42318383e-01,  2.35988393e-01,  4.91842369e-02],
       [ 2.35637382e-01,  2.99843559e-01,  1.10777954e-01],
       [-5.91301852e-01, -7.68059218e-02, -3.32162320e-01],
       [ 1.05627602e+00, -7.15975730e-01, -1.03203032e+00],
       [ 1.50526603e+00,  1.64023932e+00, -1.41590824e+00],
       [-8.37365984e-01,  1.23957676e-01,  8.75969410e-01]]), array([[-0.92999208,  3.66452352, -0.84224256, -0.65781915,  2.2038642 ,
         1.23766766, -0.12575566, -7.90594335, -1.94954029, -0.83651935,
         2.70884994,  3.69387128,  1.54323887, -0.18897064, -0.03551747,
         0.14640507, -5.26193479, -0.97254271, -6.09479887,  0.04144684,
        -0.68620158, -0.76292545, -1.90057759, -1.76613405, -0.64379628,
        -0.45676119, -0.52641255, -0.86716375, -0.71040155,  0.1222571 ,
        -0.42376598, -1.57223964, -0.6724858 ,  0.06736481, -0.08212746,
        -0.43535112, -0.87530571, -0.22961612, -9.3792652 , -0.74163614,
         3.84212103, -0.68334006, -0.5822426 ,  3.06846305, -6.54166663,
        -0.53280568, -0.82610186, -0.27410704,  0.54230309,  1.28520263,
        -1.03473134]])]
############################################################################
indeces:[ 85  26  57  12   6  71   7  22  38 115  36  81   1  19  67 109  97 117
  17  20  29  54  66   9  15  18  13  63  90  75  11  53  80  39  45  68
  40  16 116  91  82  31  93 102  21  59   3   4  48  94  69  52  60 113
  25  70  27  99  89  35  47 106  23  88  43  14  96  30 112   0 100  34
   5   2  86  92  49   8 107  83  28  32  73 111 103  56  61  78  62  72
  51 104 105  64  46  77  58  10  84  37  76 108  50  41  55  65  33  74
  79 114 101  42  98  87  95  44  24 110]
lbd:0,alpha:0.5,
 shape:[(50, 3), (1, 51)] 
loss: 0.31775126204588805
Final weights: [array([[ 5.45667935e+00,  1.16007904e+00, -8.27431899e+00],
       [ 1.68084233e+00, -2.87448782e+00,  1.74074296e+00],
       [ 4.31104120e-01,  2.25699054e-01, -2.59148644e-01],
       [ 4.12622100e-01,  1.69904443e-01, -3.81680705e-01],
       [-1.32474790e+00,  2.66248740e-01, -2.13912366e+00],
       [-8.36587723e-01, -9.29173304e-01,  5.85994695e-01],
       [-2.81575489e+00, -4.30961170e+00, -3.63348521e+00],
       [-5.37989940e-02, -3.17340764e-01,  4.00524961e-01],
       [ 3.60197340e-01, -2.23462077e-01, -1.51345344e-01],
       [ 8.98060176e-01,  4.03363346e-01,  2.18582457e-01],
       [ 2.66047814e-01,  3.19293157e-01,  3.29426297e-01],
       [ 1.03778566e+00,  1.55447430e-01,  3.81669064e-02],
       [ 4.08627963e-01,  3.30604466e-01, -2.99001894e-01],
       [ 8.01320893e-01, -1.70644268e+00, -5.86626101e-01],
       [-2.18409675e-01,  3.65197592e-01, -6.54450303e-01],
       [ 6.64998510e-01,  7.80392022e-02, -8.83102250e-01],
       [ 8.70143816e-01, -1.31815522e+00,  2.48804347e-01],
       [ 1.75743981e+00, -2.30224308e+00, -6.75566021e-01],
       [ 1.36791622e-01, -4.84049790e-01,  4.86372297e-01],
       [-3.71786967e-01,  5.15036868e-02, -3.06985099e-01],
       [-7.81989248e-01, -1.30160514e+00, -4.63561184e-01],
       [ 2.93204304e+00, -4.12071471e+00, -3.51758237e+00],
       [-4.32869343e+00,  8.38355155e+00,  5.68890229e+00],
       [-6.43763999e-01, -6.72466356e-01,  5.55867036e-01],
       [-1.82850334e+00, -6.68175575e-01,  2.51996069e+00],
       [ 2.77015981e-01,  6.87953120e-01, -2.03377314e-01],
       [ 5.12307151e-01, -5.90327930e-01, -7.14056805e-01],
       [ 2.07443255e+00, -5.52938427e+00,  4.40616414e+00],
       [-1.37039529e+00,  2.18189847e+00, -1.79806146e+00],
       [-2.25995072e-01, -3.40802124e-01,  3.78814038e-02],
       [ 2.70744636e-01,  4.92579770e-01, -6.30440797e-01],
       [-3.36191354e-01,  5.28100647e-01, -1.23167297e+00],
       [-1.25712410e+00, -1.23700240e+01, -3.37115943e+00],
       [-2.14303461e-02,  2.97848675e-01,  1.76948735e-01],
       [-3.04124769e+00, -3.49100250e+00, -1.15282788e-01],
       [-1.27211115e+00,  1.53105924e+00,  8.63972760e-01],
       [-6.61637300e-01,  4.67511111e-01,  1.11262816e+00],
       [ 4.16932162e-01,  4.57176554e-01,  7.36193639e-01],
       [ 1.15725343e+00,  6.55154862e-01,  3.75347272e-01],
       [ 7.41063087e-01,  5.15178153e+00,  7.25563844e+00],
       [ 5.22079605e-01, -3.28614416e-01, -2.01885723e-01],
       [-4.00794264e-01, -4.78193066e-01,  5.17215028e-01],
       [-1.69382187e+00, -1.54848778e+00,  6.33405417e-01],
       [-1.82250353e-01,  6.01664425e-01,  3.90385807e-01],
       [ 1.11860536e+00, -1.33412908e+00,  2.32645462e+00],
       [ 1.02863062e+00, -1.17658611e-02, -8.98225645e-02],
       [-1.21526852e+00, -7.65019467e-01,  1.42808894e+00],
       [-2.65742604e+00, -1.12513504e+00,  4.08103644e+00],
       [-3.15441376e-02,  2.49188746e-01, -4.92124687e-01],
       [ 4.47058426e-01, -1.12297608e+00,  1.11566100e-01]]), array([[-1.35516529,  7.16834155,  2.51013045, -0.72958342, -0.59266198,
        -1.94933091, -1.02891943, -6.02929041, -0.49148995, -0.39034181,
        -0.58974449, -1.02646307, -1.0469924 , -0.67836086,  0.36719809,
        -0.52616896, -0.13771791,  0.45392083,  1.67860775, -0.33819364,
        -0.32034653, -1.07935291,  4.61636956, -6.98511485, -0.90887221,
        -2.35402808, -0.49668677, -0.07462244,  5.69715561, -2.73193497,
        -0.50554857, -0.48956048, -0.91972456, -7.68508221, -0.91509995,
        -3.56801637, -1.76877687, -1.36997976, -0.48241223, -0.46558529,
         6.02733968, -0.51147915, -0.85378988, -1.72367349, -0.90327498,
         2.16850348, -0.87832984, -1.32420824, -3.62281633, -0.8057564 ,
         0.09422663]])]
############################################################################
indeces:[101  23  86  83  63  46  61  77  32  69  82  72  30  19  84 117  43   8
   4  27  50  14 103   3  13  51  39 115 113  78  42  65  49   5   1  89
 110  55  34  70  97  38 105 114 106  75  81  91  41  15  57  68  88  36
  35 102 111  67  44  59 104 108  52  64  20  90  47   6  99  17   0  93
  26  25  56  40  18  54   9  31  98  80  37  16  73 112  10  45  71  22
  66  95  29 116  12  74  24   2  21  85  62  33 109  92  58  96 100  53
  48 107  28   7  60  87  76  11  79  94]
lbd:0,alpha:0.5,
 shape:[(50, 3), (1, 51)] 
loss: 0.2076692905459606
Final weights: [array([[-4.77993509e-01, -7.36717685e-01,  9.67769874e-02],
       [-1.54338801e+00, -2.18627460e-01, -1.86691795e+00],
       [ 3.62296167e+00, -2.44257289e+00,  3.76845857e+00],
       [-1.53438412e+00,  1.17559278e-01, -5.45839245e-01],
       [-6.09936370e+00,  7.12431378e-01,  9.18305637e+00],
       [-1.04902206e+00, -8.32723231e-01, -2.34811384e-01],
       [ 9.75894756e-01,  5.39921849e-01,  1.48762411e+00],
       [-1.87903213e-01, -2.29331502e-01, -5.11127219e-01],
       [ 1.60281865e-01, -6.09564619e-01, -4.84721074e-01],
       [ 1.14262724e+00, -2.52077214e+00, -7.55725387e-01],
       [-7.46501737e-01, -6.67070745e-01,  1.11458188e+00],
       [-3.06405359e-01, -1.43658361e-01, -4.78739471e-01],
       [-1.25821323e+00,  6.97566176e-01, -1.26892839e+00],
       [-1.26623476e+00, -6.32681477e-01, -5.87216089e-01],
       [ 6.13911966e-01,  3.52671298e-02, -1.41895384e+00],
       [ 3.42634804e-01,  9.43807790e-01,  8.83830930e-01],
       [-1.79442087e+00,  2.53263001e+00,  1.43632263e+00],
       [ 3.91601095e-01,  1.84498256e-01, -1.59434848e-01],
       [ 3.51922457e-01, -8.19374076e-01,  1.87795295e-01],
       [-9.27576254e-01, -1.41382829e+00, -4.14285454e-01],
       [-3.25432024e-01, -2.68242387e-01,  3.02642779e-01],
       [-1.59575074e+00, -2.26733566e+00, -7.46436339e-02],
       [ 1.01071480e+00,  5.52747436e+00,  7.04570612e+00],
       [ 6.25890825e-01, -1.16842528e+00,  3.98871047e-01],
       [ 6.72393661e-02,  4.18354704e-01, -5.23805069e-01],
       [ 6.81920265e-01,  3.60157025e-01,  2.40338139e-01],
       [-8.59996790e-01,  4.26476958e-02, -2.55760126e-01],
       [-7.06209713e-02, -3.12357146e-01, -2.96894476e-01],
       [-9.48662527e-01, -1.34542385e+00, -6.24161185e-01],
       [ 1.09299745e+00, -1.48389524e+00,  8.31453621e-01],
       [-2.79100711e-01, -2.46910523e-01, -7.78113623e-02],
       [-1.04959131e+00,  9.90736867e-01,  1.19837696e+00],
       [ 1.55892407e-01,  3.60854184e-01,  9.66842721e-02],
       [-4.03509337e+00,  6.27714398e+00,  4.35611457e+00],
       [-1.60528846e+00,  3.74439872e+00,  1.49957352e+00],
       [ 3.84415500e+00,  9.68661167e-03, -6.19154328e+00],
       [-2.28899161e+00,  7.23480514e+00, -1.06790557e+01],
       [-7.89502410e-01,  1.13760415e+00, -3.58345479e-01],
       [ 1.34578633e-01, -6.57840412e-01,  2.52380365e-01],
       [-4.40044937e+00, -7.77808204e+00, -5.71528165e-01],
       [-2.35718784e+00, -1.44951202e+01, -2.68284007e+00],
       [ 3.49777775e+00,  5.10826238e-01,  5.43378212e+00],
       [-8.91940136e-01,  1.14821785e+00, -4.59158418e-01],
       [-1.21029043e+00, -1.59563272e+00, -8.76813618e-01],
       [ 7.66207508e-01, -1.11565833e-01,  1.42857571e-01],
       [-1.20293503e+00,  9.61920796e-01,  1.42691268e+00],
       [-5.84910398e-01,  1.19491783e+00,  3.19764752e-01],
       [-8.73064582e-01,  2.24919162e+00,  3.62325526e-01],
       [-7.95748786e-01,  1.97746489e+00,  2.89861971e-01],
       [ 8.28900595e-01,  6.64504885e-01, -6.40346284e-01]]), array([[ -0.35918129,  -0.31299813,  -1.24154636,   4.45146119,
         -0.20845597,  -8.91640234,  -0.47941138,   0.58771023,
          0.20665451,   0.41405915,   2.12423321,  -0.91049597,
         -0.04473838,  -0.91882354,  -0.48216225,   0.83342283,
          0.02573181,  -2.76119518,  -0.28650381,   0.37515004,
         -0.80090755,  -0.28975507,  -1.59705812,   7.17259338,
          0.55936994,   0.02181856,  -0.15465803,  -0.1506581 ,
          0.09189055,  -0.83448866,   1.0557879 ,   0.03969179,
         -1.41388711,  -0.14601789,  -7.9715905 ,  -4.10034024,
          5.76167608,  -9.0685531 ,  -0.87007538,  -0.02466925,
         -8.19426563, -11.95816116,   4.75426077,  -0.87401193,
         -1.20620228,  -0.17254468,  -1.54950546,  -1.0429114 ,
         -1.81051621,  -1.62060947,   0.32244341]])]
############################################################################
indexes:[ 98  75  73  63  78  48  67  53  51  24  34  59 113  87  57  91 104 100
  14  60  32  61 107  23  97 105  10  79  44  12  94  89  40  45  42  22
  16  52   8 112  72  76  74  18  20  27  70  38 116   4  58  88  55  86
  37  96   3 114  92  85  19  99   1  66  33  39  90  35   5  71 108   7
  84  49  93  77  13  41  82  30  69  54  81  17 109   6 115  15 110 101
  29 111  21 103  80  11  95  62  43 106  65  64 102  46  31   2  36   0
  28  68  26  56  25 117   9  83  47  50]
lbd:0,alpha:0.5,
 shape:[(50, 3), (1, 51)] 
loss: 0.3251682362543934
Final weights: [array([[-0.28190857,  0.4303132 ,  0.36974512],
       [-0.18799394,  0.02767744, -0.42957833],
       [-0.96934403,  0.88363463, -0.70493996],
       [ 0.02261738,  0.55023154, -0.0518421 ],
       [ 0.8903561 ,  0.03561997,  0.0266626 ],
       [-0.23748931,  0.4314955 , -0.224271  ],
       [ 0.4064567 , -0.19843388,  0.20391953],
       [ 0.01238319, -0.472965  , -0.29489351],
       [-0.22453322, -0.3951348 , -0.18340555],
       [-0.72701015,  0.03632914,  1.00471522],
       [-0.15692066,  0.11800377, -0.26775609],
       [-3.33843503, -4.62417397, -2.10371588],
       [-2.75431908,  3.32495664,  2.14152347],
       [-3.08442525,  0.83118772, -4.38740845],
       [ 4.54440748,  1.43467508, -6.98372416],
       [ 0.62837231, -0.13767249,  0.40753526],
       [ 2.08564568, -0.58866404, -4.13401565],
       [-6.55556934,  7.65025637,  0.97151673],
       [ 0.02376606, -4.61199218, -5.91033119],
       [ 0.37676798, -0.07951433, -1.08261479],
       [-0.33642351, -0.29676289,  0.43442025],
       [-0.53321283,  1.1766301 , -0.35141058],
       [-0.67457877, -0.57740846,  1.40346413],
       [-4.01411139, -1.62917297,  6.34739842],
       [-0.15683199, -0.62915232,  0.15917348],
       [ 0.18220415,  0.19602674,  0.12810913],
       [ 1.09408558, -1.48066181, -0.39167723],
       [ 0.58450044, -1.24239411,  0.26440328],
       [-0.18366677,  0.07150531, -0.44597149],
       [ 0.94550632,  0.1348715 ,  0.14262284],
       [ 0.48316588, -1.40096831,  0.66295009],
       [-0.68468824, -2.77492909, -1.85241408],
       [ 2.47219284,  2.66063113, -0.14511045],
       [-0.20670911,  0.21976337, -0.82274625],
       [ 0.1116316 , -0.72076764,  0.38295861],
       [-0.25945098,  0.37313165, -0.4979565 ],
       [-0.9449354 ,  1.1969816 ,  0.28674784],
       [ 1.07294698,  0.5848484 , -0.50247798],
       [ 0.05189787,  0.03579256, -0.82867806],
       [ 0.53123962,  0.00967557,  0.05324369],
       [ 0.31293468, -0.51803201, -0.22619905],
       [ 2.3926577 , -3.0066289 ,  2.30711115],
       [ 0.29073778,  0.13183602,  0.86474221],
       [ 0.3446119 ,  0.08045529, -0.24483943],
       [ 2.73454959, -3.15822102, -1.91575672],
       [ 2.96479067, -3.38102776, -2.07434163],
       [-0.80962912, -1.1928242 , -1.94012166],
       [-0.13334111,  0.22971625, -0.53253808],
       [-0.51433255,  0.70327725,  0.10331581],
       [-0.29943114,  0.32486015,  0.66633927]]), array([[-0.82198855, -0.76499407, -0.54230885, -0.98748065, -0.79763575,
        -0.67361981, -0.69404951, -0.16822286, -0.14755803, -0.35898314,
        -0.74638817, -0.54070408, -9.02584318, -3.47408011, -5.33693367,
         5.29865715, -0.32761741,  2.32316178, -8.10794104, -6.48397388,
        -0.10188261, -0.7527238 , -1.28595378, -0.80618785, -5.09123626,
        -0.30081837, -0.60992637,  0.86205   ,  0.51523459, -0.31811479,
        -0.64548458,  0.63045747, -2.93848479,  1.97217684, -0.48946926,
        -0.05710428, -0.67194231, -1.20289126, -0.25300884, -0.37791599,
        -0.50904904, -0.01287074,  3.05752559, -0.17214962, -0.38479444,
         3.16835346,  3.94402034, -1.94921147, -0.41025179, -0.70029247,
        -0.67691676]])]
############################################################################
indexes:[ 84  68  38  35  27  71  76  79  72  42  48  47  63  29  93   1  12  98
  26 101  69   9  36 106 100  58  37  77  17  99 117   8  40  20  83  34
  32 109  88  18  44 112   3  16   5  92 115  43  78  49  59  54  89  91
  33  80  55 102   0  22  90  51  45 103  57  62  53 107  30  70  75   6
  41   4  85  31  96  13 116  28 114  15  94 111  87 104  52  74  24 110
  14  23 105  82  21  81  11  73  46  39  61  65   7  50  19  86   2 113
  97  64  25  95  66  60  10  56  67 108]
lbd:0,alpha:0.5,
 shape:[(50, 3), (1, 51)] 
loss: 0.27474498441796114
Final weights: [array([[-3.56365211e-02, -2.12696325e-01, -7.84684714e-01],
       [ 1.03425271e+00,  6.84999383e+00,  1.71500761e+00],
       [ 4.12562769e-01,  9.19404144e-01, -6.71057511e-02],
       [ 1.39323748e+00, -4.02876346e-01,  2.27551266e-01],
       [-5.80697838e-01,  4.92039327e-01, -3.93037207e-01],
       [-2.84773494e-02,  1.38115307e+00, -3.60773475e-01],
       [ 8.57489388e-02, -3.52676229e-01, -3.01670533e-01],
       [-2.26387303e-01,  5.93043551e-01,  3.62432743e-01],
       [-1.14640731e+00, -2.24924948e-02, -1.33674141e-01],
       [-6.98962021e+00, -1.03829114e+00,  1.04559494e+01],
       [-3.71828825e-01, -1.00576251e-01,  4.12442655e-02],
       [-2.93016282e+00,  7.76377417e+00, -3.34623669e+00],
       [-2.88442907e+00,  2.31911314e+00, -3.34401261e+00],
       [-3.25876053e-01,  5.11833235e-01, -6.35219551e-01],
       [ 1.99628095e+00, -2.86343425e+00,  8.75385403e-01],
       [ 3.53858986e-01,  4.80331961e-03, -3.26430425e-02],
       [ 3.77953039e-01, -6.68256142e-02,  3.29145310e-01],
       [ 2.71638174e-01,  4.69994081e-01, -2.01736360e-01],
       [ 5.66547002e+00, -7.34689075e+00, -6.03102967e+00],
       [ 4.33839321e-02, -6.51377630e-01, -2.66438847e-01],
       [-6.49895578e-01, -2.74118375e-01,  9.12967422e-01],
       [-2.03065296e-02, -3.66582383e-01,  4.64950276e-01],
       [-5.80559436e-01, -2.21848766e+00, -1.48468747e+00],
       [-7.22426681e-01, -1.28959768e+00, -3.58668853e-01],
       [ 1.51871090e+00,  2.44475258e+00,  2.09692344e-01],
       [ 1.09161525e+00, -1.06436983e+00, -6.01365922e-01],
       [ 7.25546755e-02, -4.17118406e-01, -3.31637448e-01],
       [ 6.31270995e-03, -6.57741356e-02, -2.57978173e-01],
       [ 2.87978993e-01, -3.77999231e-01,  1.07054097e+00],
       [-4.84605493e-01,  9.17646166e-01, -1.52394289e-01],
       [-1.02104237e+00, -2.84484098e+00, -1.05520912e+00],
       [ 2.77105335e-01, -6.86972848e-01, -7.80923501e-02],
       [ 5.96192082e-01, -3.55887083e-01,  5.80302550e-02],
       [-6.76381983e-01, -9.42058164e-01,  7.86954328e-01],
       [ 1.89001072e-01, -1.03309522e-01,  5.85282184e-02],
       [-9.06063889e-02,  2.23704509e-01,  6.74510838e-01],
       [-1.90506331e+00,  9.36022567e-01, -2.47045323e+00],
       [ 2.26900226e+00,  3.02696054e+00,  2.82643184e-01],
       [ 2.58448838e-01,  5.43645212e-01, -2.95563689e-01],
       [ 6.89534098e-01,  1.18980781e+00, -6.56348810e+00],
       [-8.57750286e-01, -1.91555698e+00, -5.12348915e-01],
       [-1.36423281e+00,  9.81134178e-01, -1.78793085e+00],
       [-5.52565999e-01, -1.14038719e+00, -6.50590280e-01],
       [-1.66144008e-01,  4.86160570e-01, -5.37151381e-01],
       [-1.44341862e+00,  9.20373571e-01,  1.07404614e+00],
       [ 3.98650992e-01, -3.10788390e-01,  2.17530234e-01],
       [ 3.52572153e-01,  9.12516884e-03,  1.46199106e-01],
       [ 8.81152405e-01,  1.27159280e+00, -5.28007868e-01],
       [-1.23106574e+00, -9.47417236e-01,  1.49121755e+00],
       [-3.18089774e+00, -3.93293622e+00, -4.88875905e+00]]), array([[-1.07238459, -0.49394414,  4.8078172 ,  0.20649709, -0.43093025,
        -0.52375671,  0.07116459, -0.32837529, -0.46429791, -0.17202914,
        -9.82668085, -0.33595084, -5.53595265, -3.88548797, -0.50591723,
         2.14530208, -0.47545524, -0.49066345, -0.03543074, 11.58355792,
        -0.40757154, -0.82005272, -0.52826436, -2.36383633, -1.16773352,
         2.00367721,  0.37030312, -0.60555135, -0.31849352, -0.01436638,
        -0.4710885 , -2.72156695, -0.60246197, -0.68016219, -1.15872419,
        -0.81909159, -0.41646485, -2.43175996,  3.2885453 ,  0.01265802,
        -4.57596282, -1.71164082, -1.66439006, -1.21487325, -0.50409775,
        -1.36937167, -0.53647205, -0.61733352,  0.74510236, -1.64693718,
        -7.294838  ]])]
############################################################################
indexes:[ 33  36  13  87  78  24  91  52 115 110  51 104  16  21 103 100   5  48
  60  59  19  37  83 114  11   6  12  56  79  49 116   8 112  40  65   1
  20  27  64  62  42  67  54  80 102  57 109  30  39  99   9  61  72  25
  73 106  84  82  90  88  69  14  93  98  31  68  74 108 101  26 111  55
  22  10  45  53  44  46 117  58  92   2  71  29  95  17 105   4  75  66
  76  85  77  47  86  34 107  28  32  23  81   0   7  63  38  50  89  15
  41  18  43  96  35  70   3  94 113  97]
lbd:0.01,alpha:0.5,
 shape:[(2, 3), (2, 3), (1, 3)] 
loss: 0.6928346279997205
Final weights: [array([[ 7.28815082e-01,  7.27346487e-23, -1.08612142e-22],
       [-5.31439780e-01, -8.01536906e-23,  1.13574148e-23]]), array([[ 7.98358738e-01, -3.84485493e-23, -2.64316269e-23],
       [-6.39583226e-01, -3.07731887e-23, -2.45831774e-23]]), array([[-5.00104206e-02, -1.19854708e-16, -6.07416656e-16]])]
############################################################################
indexes:[ 10 117  52  72  31 113   6  83   2  40  38 115  35  86 114  75  49  60
  68  12  74 101  47  77  39  95 107  50  23  51  65  78  93   5  71  90
  19  92  91  94  15  33  89  14  54  11  32  82  17  87  37 105  34  25
  24  44  62  96  48  63 109  58 100  29  45   7  57  73  30  76 104  43
  56 108 112 103  99  28 111  69  64  59  97 106  46  26  84 116  66  18
  79  36  55  67 110  20  42  53  41  21  80   1  13  27  22  98  85 102
  88  16  70   9  61   3  81   4   0   8]
lbd:0.01,alpha:0.5,
 shape:[(45, 3), (5, 46), (1, 6)] 
loss: 0.6918966392050808
Final weights: [array([[-3.98773442e-01, -7.15464414e-23,  3.90084942e-23],
       [ 3.76783989e-01,  1.15888694e-22,  4.59268038e-23],
       [-7.69356928e-01,  5.28184025e-23, -7.97155595e-23],
       [-4.23015997e-01,  6.16378612e-23, -1.62312620e-22],
       [-2.60076650e-01, -4.37441813e-23, -1.72166521e-22],
       [ 8.46105270e-01, -1.08795416e-22,  5.60396593e-25],
       [-3.17496470e-01,  1.41833897e-22, -9.12200126e-23],
       [-5.73134026e-01, -1.88062411e-22,  5.11934608e-23],
       [ 1.76453408e+00,  8.46676263e-23,  1.25959906e-22],
       [ 1.47714364e-01, -1.50559636e-22, -9.15743570e-23],
       [-6.56993093e-01,  3.64512772e-23,  5.78703936e-23],
       [ 5.15014510e-02, -8.60578857e-23,  3.29601530e-23],
       [ 1.91512961e-01, -5.80808926e-23, -2.38317899e-23],
       [-7.68798632e-01, -1.81132533e-22, -6.64823802e-23],
       [-3.10397612e-01,  1.82059586e-22,  1.51676924e-22],
       [ 1.71599537e-01,  4.27810821e-23,  5.77578842e-23],
       [ 1.10276847e+00,  7.06224439e-23, -3.07697709e-24],
       [ 8.06778568e-02, -3.78999478e-23, -5.56978732e-23],
       [ 8.67134815e-01,  1.06931725e-22, -4.60909792e-23],
       [-1.10284849e+00,  4.42675662e-23,  6.32527097e-23],
       [ 1.74982584e-01, -7.33436615e-23,  1.05090389e-22],
       [ 9.95838353e-02, -9.14343445e-23, -1.30795359e-22],
       [-2.25130698e-01,  3.29089663e-23,  9.40064962e-23],
       [-7.50648867e-01,  1.04857134e-22, -8.03080287e-23],
       [ 2.66444177e-01,  2.88990176e-23, -4.11491493e-23],
       [ 5.21420094e-01, -8.91417639e-24,  5.21897723e-23],
       [-2.45445735e-01,  8.87189614e-23,  9.88568360e-25],
       [-3.26631873e-01, -8.40335700e-23,  9.46037529e-23],
       [-3.08717735e-01, -7.44788825e-23,  1.89879507e-22],
       [ 4.90774521e-01,  1.08021013e-22,  8.25986369e-24],
       [-5.47239252e-01,  9.35416952e-23,  1.87535989e-23],
       [-5.55033368e-01,  4.50064959e-23, -1.10017854e-23],
       [-1.26895796e-01, -3.56459583e-23, -8.40057301e-23],
       [-2.85778120e-01, -1.10089560e-23, -1.30035536e-22],
       [-2.30766661e-01, -2.15719928e-24, -7.09090256e-23],
       [-2.41497040e-03,  5.22529956e-23,  1.79053482e-22],
       [ 2.80463643e-01,  1.65013696e-22, -3.71791018e-23],
       [-3.78541061e-02,  9.75825396e-23, -1.57794452e-22],
       [ 6.68586215e-01,  2.34812431e-23,  7.44590241e-23],
       [ 5.42578430e-01,  3.21178521e-23, -2.39210285e-22],
       [-7.00147184e-01,  3.04640692e-23,  1.78373927e-22],
       [ 8.40443088e-01,  7.39317449e-24,  1.13083378e-22],
       [-4.19924059e-01, -3.35564967e-23,  2.00654927e-23],
       [ 4.99624713e-01, -1.91171329e-22, -6.56529157e-23],
       [ 2.95679078e-01,  3.84856234e-23, -1.64610482e-22]]), array([[ 4.71678282e-02,  5.91657533e-22,  9.20570776e-22,
         4.80565138e-22,  6.57912784e-22,  6.36147293e-22,
         1.12362512e-21,  6.37018092e-22,  5.54142707e-22,
         1.28662830e-21,  8.26690910e-22,  5.17760941e-22,
         7.55865013e-22,  8.36523255e-22,  5.33810665e-22,
         6.49809241e-22,  8.84580598e-22,  1.20238836e-21,
         8.04670671e-22,  1.10657697e-21,  3.99453521e-22,
         8.87904541e-22,  8.05577140e-22,  6.37127008e-22,
         5.09514439e-22,  8.69036442e-22,  1.02560140e-21,
         6.85265374e-22,  6.31426310e-22,  6.61673646e-22,
         9.65576496e-22,  5.45108495e-22,  5.48040284e-22,
         7.02014593e-22,  6.85667903e-22,  6.71160028e-22,
         7.54583762e-22,  8.95189086e-22,  7.71180712e-22,
         1.04318402e-21,  9.86389387e-22,  4.84368181e-22,
         1.01164636e-21,  6.13124439e-22,  9.41421621e-22,
         8.64037777e-22],
       [ 1.81978405e-01,  6.62762910e-22,  1.02520970e-21,
         5.06706009e-22,  6.69243466e-22,  6.94051932e-22,
         1.17157810e-21,  7.19585424e-22,  5.67839021e-22,
         1.36739077e-21,  8.25899332e-22,  5.63024107e-22,
         8.18294156e-22,  9.48907775e-22,  5.02281641e-22,
         6.91236106e-22,  8.91318386e-22,  1.28084013e-21,
         8.53527450e-22,  1.20803719e-21,  3.72348072e-22,
         8.53783930e-22,  8.29585692e-22,  7.14618402e-22,
         5.21900384e-22,  9.28281341e-22,  1.03905104e-21,
         7.28236195e-22,  6.76236802e-22,  6.82672258e-22,
         1.03372119e-21,  6.26026605e-22,  5.59354962e-22,
         7.67760668e-22,  7.30789964e-22,  7.35774286e-22,
         8.39038874e-22,  9.58203281e-22,  8.15109426e-22,
         1.10635995e-21,  1.04331869e-21,  5.62482760e-22,
         1.14449625e-21,  6.31482113e-22,  9.95961451e-22,
         9.27311350e-22],
       [ 2.22503123e-01,  6.63533121e-22,  9.81151922e-22,
         5.24087863e-22,  6.63119676e-22,  7.25765977e-22,
         1.17642865e-21,  7.28059424e-22,  6.10510709e-22,
         1.38802762e-21,  8.72775391e-22,  5.84227615e-22,
         8.78940000e-22,  9.13712793e-22,  5.15261847e-22,
         7.27326343e-22,  8.86619420e-22,  1.23292472e-21,
         8.50339040e-22,  1.17563047e-21,  4.07992270e-22,
         8.94800716e-22,  8.95645986e-22,  7.08042866e-22,
         5.13036133e-22,  9.82687302e-22,  1.06542459e-21,
         7.09701161e-22,  6.86294506e-22,  6.91939728e-22,
         1.00623153e-21,  5.93769864e-22,  5.94690271e-22,
         8.30081150e-22,  7.18553222e-22,  7.11392276e-22,
         7.87522724e-22,  9.21715502e-22,  8.39481663e-22,
         1.08513838e-21,  1.02104183e-21,  5.77144977e-22,
         1.17703586e-21,  6.77274578e-22,  1.03596165e-21,
         9.28429758e-22],
       [-3.68067160e-02,  5.74848511e-22,  8.76250941e-22,
         5.00208753e-22,  6.07429200e-22,  6.53683084e-22,
         1.01839240e-21,  6.66688559e-22,  5.30074713e-22,
         1.25586007e-21,  7.66103312e-22,  5.24748707e-22,
         7.33005431e-22,  7.98617220e-22,  4.84250845e-22,
         6.29163887e-22,  8.19210807e-22,  1.12994783e-21,
         7.66960712e-22,  1.07295490e-21,  3.47461223e-22,
         7.80187862e-22,  8.22161910e-22,  6.64511486e-22,
         4.88723599e-22,  8.95166754e-22,  9.54582187e-22,
         6.35583313e-22,  6.57275105e-22,  6.15350984e-22,
         9.42489560e-22,  5.44299688e-22,  4.89895481e-22,
         7.19235554e-22,  6.53568521e-22,  6.84002457e-22,
         8.07857055e-22,  8.89311285e-22,  7.92379582e-22,
         1.00486535e-21,  9.28876143e-22,  5.40400599e-22,
         1.03424377e-21,  6.01193261e-22,  8.98395385e-22,
         8.58622059e-22],
       [-2.65701654e-01,  5.22046514e-22,  7.62146617e-22,
         4.33282586e-22,  4.89309719e-22,  5.87050084e-22,
         8.91034250e-22,  5.53071013e-22,  4.68462526e-22,
         1.05096195e-21,  7.22936119e-22,  4.14818485e-22,
         6.83106941e-22,  7.06678179e-22,  4.11221216e-22,
         5.36605458e-22,  6.71846775e-22,  9.84530614e-22,
         6.48960752e-22,  9.18662137e-22,  3.34018909e-22,
         6.63215887e-22,  6.30059710e-22,  5.78020420e-22,
         3.98675418e-22,  7.06462658e-22,  7.94576535e-22,
         5.44645195e-22,  5.37349337e-22,  5.33849749e-22,
         7.70731094e-22,  4.82581906e-22,  4.90268738e-22,
         6.67519030e-22,  5.90112726e-22,  5.44709378e-22,
         6.54051706e-22,  7.55333851e-22,  6.47624635e-22,
         8.32514725e-22,  8.10888329e-22,  4.52485332e-22,
         8.98334640e-22,  4.67607751e-22,  7.92137242e-22,
         6.96675885e-22]]), array([[-1.00083458e-01, -2.78611553e-11, -2.96892337e-11,
        -3.02352053e-11, -2.67185489e-11, -2.36243745e-11]])]
############################################################################
indexes:[ 20   6  39  31   8  82  38  24  43  16  47 104  34   9 114  59 116  44
  80  89  54  92  67  62  87 112  35  77  25  21  48  93  58  27 107  71
  53  96  56  32  36   0  26  73 109  11  15  29 117  79  13   1  18  51
  91  81  64  46   5  72  37 102  10  57   2 101  83 105  76  63   3  68
  41  85  88  55  90  78  45  50 111  94  70  19  61  33  17  66  22  49
  12  14  40  75  98  52 108 103   4  95  23  65   7  97  74 106  86 113
  84  99  28  30  69 100 115  60 110  42]
lbd:0.01,alpha:0.1,
 shape:[(70, 3), (20, 71), (1, 21)] 
loss: 0.6903320425069844
Final weights: [array([[-8.74001107e-02, -3.37724237e-04,  6.31927137e-04],
       [ 2.38183088e-01,  9.81650902e-04, -4.05874319e-05],
       [-3.53273504e-02,  1.00324766e-03, -8.69681668e-05],
       [-3.09708268e-01, -4.14934462e-04,  3.53348044e-04],
       [-3.20745852e-01,  4.15702361e-04,  9.24688426e-04],
       [ 9.76968551e-01, -4.31798498e-04,  1.73014091e-04],
       [-3.24082900e-01,  1.68105791e-04, -8.55226558e-04],
       [-7.29499049e-01,  5.01846116e-04, -1.00864927e-03],
       [ 1.30964538e+00,  2.76731214e-04,  1.98605029e-05],
       [-2.76738447e-01, -9.99341014e-04,  4.54155193e-05],
       [ 2.19646036e-01,  1.86771807e-04, -2.42052992e-04],
       [-1.08888875e+00, -5.03279332e-04, -3.64224824e-04],
       [-4.01176943e-02, -3.69401613e-04, -1.22740596e-04],
       [ 8.14432075e-01,  5.94147687e-05,  3.38795307e-05],
       [ 4.18084169e-01, -6.54913874e-04, -1.03014853e-03],
       [ 5.91141129e-01,  1.56853822e-04, -7.97041535e-05],
       [-7.33145659e-01,  1.09909670e-03, -1.54561598e-04],
       [-6.41001812e-01, -5.11196260e-04,  5.35594367e-05],
       [ 2.15266572e-02, -3.73081957e-04, -8.03509577e-04],
       [ 3.66461711e-02, -7.24237974e-04,  5.41562694e-04],
       [ 1.24151324e+00,  3.23941245e-04, -5.93373818e-04],
       [-2.05501176e-01, -5.57768115e-04, -2.80498871e-04],
       [ 4.01059136e-01,  1.41919422e-04, -1.29529271e-04],
       [-8.83554471e-01, -1.48422866e-04, -5.40343728e-04],
       [ 6.30385358e-01,  5.22308274e-04, -3.61612302e-06],
       [ 4.41899301e-01,  8.01015143e-04,  3.67902140e-04],
       [-6.56040233e-01,  5.55054212e-04,  1.38537330e-04],
       [ 3.52166748e-01, -5.60247994e-04, -5.75555601e-04],
       [ 5.55593005e-01, -3.59513218e-04, -2.79674436e-05],
       [ 6.20223199e-01,  4.34978506e-05, -9.29564773e-05],
       [-1.41966079e-01, -4.34372609e-04, -5.02747459e-04],
       [ 9.00379957e-01,  1.90578590e-04,  9.35028540e-05],
       [-3.43875557e-02,  1.19914188e-04, -2.71630550e-04],
       [-6.97559769e-01,  3.16425646e-04, -2.19674510e-04],
       [-7.87655299e-01,  5.65966489e-04,  2.13745958e-04],
       [ 3.25434246e-01,  1.59685250e-04,  4.48084817e-04],
       [-1.01565880e+00,  9.08104486e-04,  3.16865751e-04],
       [ 7.69491590e-01, -3.97133579e-04,  1.06978785e-03],
       [-1.13386480e+00, -2.50415770e-04, -3.53691155e-04],
       [-4.24137270e-02, -2.33321038e-04,  3.05474655e-04],
       [-6.12047052e-01, -8.17706844e-04,  2.99266827e-04],
       [ 1.56355512e-01, -7.73233173e-04,  4.85098862e-05],
       [ 1.92744505e-02,  2.10334178e-04, -2.52775473e-04],
       [-1.61454381e+00, -1.15140027e-04,  1.95627226e-04],
       [-3.29430713e-02,  6.03529554e-04,  2.63569260e-04],
       [ 6.60293040e-01,  1.47038626e-04,  1.95028627e-04],
       [-1.64732584e-01,  1.12598264e-04, -1.50443664e-04],
       [-6.85222164e-02,  4.46240451e-04, -6.99277317e-05],
       [ 5.34390937e-02, -1.41690434e-04, -4.32109774e-04],
       [ 7.14293004e-01, -9.71039936e-04,  1.05591995e-04],
       [-1.87381596e-01,  3.37763535e-05,  5.51295863e-05],
       [ 1.53200161e-02, -2.22615427e-04,  1.24265368e-04],
       [ 1.11573451e+00, -5.49060774e-04, -4.79171703e-04],
       [-6.28076102e-02, -8.99639018e-05,  1.39971920e-03],
       [ 3.27730804e-01, -1.20213597e-03,  1.22879212e-04],
       [-4.16646399e-01,  1.07142063e-03, -2.85979099e-04],
       [-1.99667614e-01,  4.32138711e-05, -2.48640631e-05],
       [-4.83393977e-01,  2.34724317e-04,  5.36981124e-04],
       [ 5.38762016e-01,  4.38509372e-04, -3.77795753e-04],
       [ 8.14354576e-01,  5.42279745e-04,  4.31979124e-04],
       [ 1.02572768e+00, -3.94508229e-04, -5.64791543e-04],
       [ 1.33355029e+00,  3.76307088e-04, -4.77730301e-04],
       [-1.26363781e+00, -1.39513879e-04, -1.37911830e-03],
       [ 3.60923198e-01,  3.12499675e-04,  7.95485859e-04],
       [-5.41823011e-02,  1.66118820e-04,  3.70903116e-05],
       [ 1.63172454e-01, -9.81760926e-04,  1.23025239e-03],
       [-4.81022935e-01,  1.05657555e-04,  1.43143797e-03],
       [ 2.35276729e-01,  5.84295409e-05,  5.16617215e-04],
       [-6.44681438e-01,  4.78132328e-04,  2.13454974e-04],
       [-1.17161015e+00, -4.60494776e-04,  4.30610162e-05]]), array([[ 1.51829656e-02, -1.40217638e-04, -4.44273843e-05, ...,
         7.11130479e-06, -2.46279757e-04, -1.42793119e-04],
       [-1.83072414e-02,  1.80707467e-04, -9.63181206e-05, ...,
         5.88092325e-05,  2.25049679e-04,  5.52310739e-05],
       [ 1.21760089e-01, -7.61197901e-05,  6.15878557e-05, ...,
        -3.32651053e-05, -1.15653916e-04, -2.08744852e-04],
       ...,
       [-2.25231234e-02,  5.38569767e-05,  6.09280643e-05, ...,
         1.65190869e-05,  7.29455752e-05,  4.51069654e-05],
       [ 1.73737103e-01, -1.70856630e-05, -2.91698381e-05, ...,
         3.15225570e-05, -5.96246109e-06,  1.27545765e-04],
       [-1.34914028e-01,  4.94357996e-05, -8.65622525e-05, ...,
         2.89005712e-05, -1.53977149e-04,  5.18336529e-05]],
      shape=(20, 71)), array([[ 0.18498841, -0.00345167, -0.00329359, -0.00362033, -0.00315606,
        -0.00349946, -0.00308851, -0.00340581, -0.00343785, -0.00322045,
        -0.00371899, -0.00315252, -0.00344103, -0.00335667, -0.00353317,
        -0.00377743, -0.00341254, -0.00338052, -0.00303918, -0.00396925,
        -0.00344949]])]
############################################################################
indexes:[ 78 115   6  82  59  11  58  87 102  29  61   5  35  25  28  72  74 101
 108 114  62  16  68  45  13  99 110  48  36  81  64  91   9   4  76  85
  84  41  49 109  44  90  15 104  23  38 106   7  17  50  32  66  75  19
  55 111  95  33  31  71  60  92  39  30 107  34  22  69  63  67   1  24
  56  43  94  77   2 113  52  70  47  97   8  53  96  98  65  86  46   3
  40  27 100  42  79  21  73  57 103  18 105  83  51  10  89 117  54  14
   0  26  93  80 116  37 112  12  88  20]
lbd:0.01,alpha:0.1,
 shape:[(2, 3), (2, 3), (1, 3)] 
loss: 0.6918966419870908
Final weights: [array([[-1.07652756e-01, -9.99838683e-05, -7.43448630e-04],
       [ 3.14217414e-01,  1.55630349e-04, -2.36325600e-04]]), array([[ 1.90459725e-01, -7.28623957e-04, -5.02371049e-04],
       [-4.29519029e-01, -2.37099019e-04,  1.74381864e-04]]), array([[-0.10352765,  0.00355272,  0.00356549]])]
############################################################################
indexes:[ 72 102  83  95  46  14   7  88  50  15  77   2  74  52 107 112  42  87
  64 108  19  80  71  61 101   6  97  78  35  43 109 113  17  28 115  81
   8  75  70 116  23  76   3  30  36  51  40  33   4  29  98  59  54  31
  99  41  24  45  79  73  26  69  66  65  68  16  62  82  96  32  58  12
  20 100  34 117  84  63  55 110  57  11  56   1  10  86  25  47   5  90
  85 111  92 104  22  89  21  93 106 103   9  49   0  39  44  91  18  48
  67  13  37  27 105  53 114  94  38  60]
lbd:0.01,alpha:0.1,
 shape:[(15, 3), (15, 16), (1, 16)] 
loss: 0.6881388086664038
Final weights: [array([[ 1.27193186e-01, -8.28741491e-05,  3.02854970e-04],
       [-3.40740360e-01, -2.88087100e-04,  7.97350874e-04],
       [ 4.22228149e-01, -4.53754093e-04,  1.68186188e-04],
       [ 7.21386563e-01,  3.59016830e-04, -2.07032895e-04],
       [ 6.33196219e-01, -4.05659995e-05, -1.65122912e-04],
       [-6.65912084e-01, -6.00644407e-05, -5.10064482e-04],
       [ 4.65837101e-01,  1.64585556e-04, -3.01802775e-04],
       [-2.06349929e-01,  2.56655345e-05,  1.76950507e-04],
       [ 2.94063271e-01,  1.00855536e-03,  7.66380010e-04],
       [-1.02518103e+00,  3.51777209e-05,  8.12228539e-04],
       [-5.61121354e-01,  5.23369979e-04, -1.07448944e-03],
       [-6.65066926e-01, -7.72980921e-05,  7.02284838e-04],
       [ 4.17109270e-01,  1.91828734e-04,  6.56202277e-05],
       [-9.88995246e-01, -5.04487731e-04,  1.80587721e-04],
       [ 2.01833451e-02,  5.05607480e-04,  3.48172723e-04]]), array([[ 9.07978091e-02,  1.05778446e-04,  2.37259121e-04,
         2.28405755e-04, -1.88688951e-04,  2.13558195e-04,
        -3.64316528e-05,  1.60349708e-06, -5.17702475e-05,
        -2.18688669e-04,  1.92237985e-06, -5.65624170e-05,
         1.93800355e-04, -2.03155357e-05,  7.19769854e-06,
         7.94411202e-06],
       [-9.21217545e-03,  1.77357655e-04, -2.13310636e-05,
         4.94713152e-04, -1.02370367e-04, -2.45510183e-04,
        -4.82728278e-05,  1.99990194e-04,  1.11306286e-04,
         3.12683354e-04, -1.41231370e-05,  1.26360755e-04,
         1.23434251e-04,  6.04602317e-05,  1.51257085e-04,
        -6.20627788e-05],
       [-9.10563569e-02, -1.65030098e-04, -1.35566904e-04,
         2.09293857e-04, -1.44351941e-04, -2.20287612e-04,
         1.67258408e-04, -9.24884327e-05, -4.66357235e-04,
         1.93279810e-04,  1.18360107e-04,  1.43234626e-04,
         2.12477657e-04, -7.07875472e-05, -4.16682185e-06,
         5.62220041e-05],
       [-5.76467765e-02, -1.37947230e-04, -7.59357324e-05,
         4.00207883e-05, -2.94375244e-05, -7.92429734e-05,
         2.59479060e-04,  9.37585813e-05,  5.11076393e-04,
        -2.37869934e-04, -2.20405906e-04, -9.86525326e-05,
         7.51090460e-05, -8.47889997e-06, -1.08620066e-04,
         2.26904974e-04],
       [ 2.15497793e-01, -1.42002872e-04, -8.10418155e-05,
        -1.00194509e-04, -2.73520720e-04, -1.46749909e-04,
         3.76135642e-04, -1.80631620e-05,  6.15635530e-04,
         1.28842235e-05, -6.21223138e-05,  2.24966994e-04,
         7.64597422e-05,  4.01672166e-04,  2.80743172e-04,
        -2.28189417e-04],
       [ 4.18168076e-01, -2.18987996e-04,  2.95675446e-04,
        -9.96649234e-05,  1.93807395e-04,  4.72120340e-04,
        -8.17978864e-05,  3.19631970e-04, -1.42669276e-04,
        -7.21866900e-06, -3.19952103e-05,  3.05372663e-05,
         9.04489848e-06,  4.52286396e-04, -3.44953314e-04,
         5.67142773e-04],
       [ 3.36837738e-01, -1.25446182e-04,  7.26262507e-06,
         1.03157406e-04,  2.06326222e-04,  1.17908484e-04,
        -2.98941223e-04,  8.61512789e-05,  2.05520826e-04,
         5.28125832e-05, -1.98889498e-04, -3.78211324e-05,
         2.84425093e-04,  5.68930129e-05,  2.48329099e-04,
         1.21502918e-04],
       [ 1.65207048e-01, -1.45007396e-04,  1.05432985e-04,
         2.63889483e-04,  2.89261018e-04,  3.36719722e-04,
        -1.48351624e-04, -2.61800447e-04, -1.86862681e-04,
         3.37079324e-04,  2.34542859e-04,  4.53005264e-05,
         4.72651636e-05,  2.52303834e-04, -4.05521456e-04,
        -5.02379601e-05],
       [ 1.23604661e-01, -7.98519986e-05,  5.54495448e-05,
        -2.55114856e-04,  1.49764368e-04, -2.30650448e-05,
         1.49689906e-04, -2.15151851e-04,  7.86480057e-05,
         1.18704440e-04, -1.11066546e-04,  2.52752582e-04,
        -6.46060092e-04, -2.15833310e-04,  1.89955604e-04,
        -1.30177747e-04],
       [-1.88620671e-01, -1.14469363e-04,  5.84891842e-05,
         8.49935280e-05, -8.45836855e-05,  3.27473965e-05,
         1.35992414e-04,  4.12240312e-04, -2.75890079e-05,
        -7.78835120e-05, -2.14158593e-04, -7.97234480e-05,
         3.04191814e-05,  1.04142668e-04, -4.16532644e-05,
        -7.79972565e-05],
       [-2.72601011e-01, -1.71830923e-05,  2.38778650e-04,
         2.22689226e-04,  9.24296541e-06,  2.50708426e-05,
         1.75208768e-04, -2.14987336e-04,  8.96270068e-05,
         1.22998255e-04, -1.77380471e-04,  4.37072789e-04,
         1.04476581e-04,  1.13620020e-04,  5.61535532e-04,
        -2.49732770e-05],
       [ 3.56515765e-01,  2.37987214e-04, -2.33293090e-04,
         4.51627952e-05,  1.44486897e-05, -4.71848394e-05,
         1.90782299e-04, -3.24707452e-04, -5.45057952e-04,
        -4.29929846e-04,  3.66499934e-04, -5.99556583e-04,
        -1.00697233e-04, -3.43504756e-04,  1.12997236e-04,
         1.49181912e-04],
       [-1.17908124e-01,  2.42555245e-04,  2.85797202e-06,
        -3.71108631e-04, -1.56338186e-04, -1.00998627e-05,
        -2.68951938e-04, -5.43493458e-05,  9.37690028e-05,
        -9.53044204e-05, -1.48931909e-04,  8.19720588e-05,
         2.81923651e-04,  3.85362356e-04,  1.44808456e-04,
        -5.58770595e-05],
       [-6.23455030e-02, -1.94090667e-04,  1.09985055e-04,
        -1.54119506e-05,  1.50738504e-04, -6.34285578e-05,
         4.50800473e-04, -3.04821795e-05,  4.08647520e-05,
        -6.08951774e-06, -1.12076110e-04, -2.11980697e-04,
         3.28114099e-04,  1.14800349e-04, -3.79944422e-05,
        -4.12907797e-05],
       [ 1.81907402e-02, -2.79300761e-04,  1.86618452e-04,
         4.46636845e-04,  8.37417804e-05, -1.14338537e-04,
        -7.21267064e-05,  2.03684023e-04,  1.56426931e-07,
        -1.32765360e-05,  1.09072259e-04,  8.48787268e-05,
        -3.41838285e-04,  2.55850972e-05, -2.05965989e-04,
         1.53434070e-05]]), array([[-0.17623364, -0.00288185, -0.00300208, -0.0029999 , -0.00296336,
        -0.00338402, -0.00378911, -0.00362855, -0.00339413, -0.00334353,
        -0.00274185, -0.00270446, -0.00315534, -0.00274377, -0.00270328,
        -0.00319698]])]
############################################################################
indexes:[ 35  91  87  45  33  49  34 104  86  18  42  80   3  73   6   5  90   9
  37  81  10  74 106  75  46  71  32 103 108  95  26  78  96   8  58  36
  17  11  19  52  65 111  63  57  14  67  82  69  85  72  28  64  15  41
 110 112  76  92  44 107  38  93  61  66  84   4 113  99  83  51  89  60
  31  43  59  29 101  20  88 115  94  25  98  12  47  48 114   1  97 100
  23  54  53  62  27  50  68   2   0  77   7 105  79  70  24  56  30  39
  21  13 116  16  55 102 109  40 117  22]
lbd:1e-06,alpha:0.1,
 shape:[(50, 3), (1, 51)] 
loss: 0.3300699898239972
Final weights: [array([[-5.56833363e-01,  3.61334805e-01, -4.15044625e-01],
       [-6.71288432e-01,  1.22032897e+00, -6.52161820e-01],
       [-3.96898218e-01, -1.94235689e-01,  6.42566715e-01],
       [ 6.91598274e-01,  1.52033397e+00,  5.38663473e-01],
       [-6.81128468e-01, -4.77838531e-01,  4.02454409e-01],
       [-8.10027533e-01, -2.51754731e-01,  1.22192439e+00],
       [-1.33910134e-01, -2.67319816e-01,  6.23534303e-01],
       [ 3.86460737e-01, -7.24606485e-01, -6.02206173e-01],
       [ 3.64846671e-01, -4.13064536e-01, -6.69694364e-01],
       [ 1.80612629e+00, -7.67045237e-01, -3.99668638e-01],
       [ 1.90077588e-01,  1.53820671e-02,  8.65268036e-02],
       [-5.26027706e-01,  4.44502997e-01,  3.89741196e-01],
       [-4.37601590e-02, -1.98982583e-01,  5.21036988e-02],
       [-2.69155152e-01,  2.61744576e-02, -6.30667510e-01],
       [ 4.03489766e-01,  4.20786340e-01,  1.31898872e-02],
       [-7.25970866e-01, -5.84379628e-01,  3.34187859e-01],
       [ 1.03468045e+00, -1.68788558e+00,  1.05291030e+00],
       [-2.26962297e-01,  6.99755653e-01, -4.98829838e-01],
       [-1.54560906e-01,  4.29916882e-01,  2.69023816e-01],
       [ 1.81242749e-01, -6.15838315e-02,  3.39671020e-01],
       [-3.20002593e-01,  3.61373163e-01, -5.58789296e-01],
       [-3.69892186e-01, -8.88680401e-01,  7.48448028e-01],
       [-2.46526396e+00, -6.77002565e+00, -5.00592294e+00],
       [ 1.27570392e+00, -1.03440266e+00, -1.54048591e+00],
       [ 7.62130709e-01,  4.52077009e-02, -1.27580648e+00],
       [-3.15272151e-01,  1.03819968e+00,  2.85617943e-01],
       [ 4.42242394e-01,  1.02536033e+00,  1.83692083e-01],
       [ 1.14511836e+00, -8.55893538e-02, -2.97564050e-01],
       [-2.68253279e-01, -4.87832337e-01, -1.98942945e-01],
       [-2.75401516e+00,  5.92570211e-01,  3.95013104e+00],
       [-5.95038712e-01, -9.46241962e-01, -6.86817383e-01],
       [-1.07052099e-01, -2.23947798e-01, -4.71303959e-02],
       [ 6.32179163e-01,  1.96515081e-01, -1.76156744e-01],
       [-7.77335954e-01,  2.25380247e-01, -2.98622855e-01],
       [ 3.78803043e-01, -1.70126382e-01, -6.30426810e-03],
       [-9.14502109e-01,  9.43469735e-01, -3.90681913e-01],
       [-3.43464648e+00,  2.13016509e-01,  4.98359955e+00],
       [ 9.89940400e-01, -1.11618973e+00,  4.41588667e-01],
       [-1.49405117e+00, -3.10924140e+00, -1.08901564e-01],
       [ 8.82914633e-02, -4.76335490e-01,  8.07482084e-01],
       [-1.44740235e+00,  2.34811844e+00, -6.23531660e-01],
       [ 1.03443985e+00,  5.17418738e-01,  1.19128414e+00],
       [ 3.16571396e-02,  6.57002290e-01, -3.29269909e-01],
       [ 3.19706319e+00, -4.38246803e+00,  2.82962831e+00],
       [-4.39065652e-01,  3.79027796e-01, -8.91002808e-01],
       [ 9.01567636e-01, -8.90982049e-01,  1.39229145e+00],
       [-2.94997150e-01,  4.32523219e-02,  8.64919714e-02],
       [-6.34259957e-01,  5.90559015e-01,  6.12220033e-03],
       [-1.95167055e-01,  2.94643799e-01, -2.33642420e-01],
       [-4.55406031e-01, -1.84620674e-01,  1.78492565e-02]]), array([[-6.17179853e-01, -1.87455107e-01, -9.97464492e-01,
        -4.65353192e-01,  5.47972596e-01, -4.56588866e-01,
        -9.57100999e-01, -2.57247816e-01,  6.30312687e-01,
         2.96939258e-01,  3.62328788e-01, -2.29923767e-01,
        -5.26153071e-01, -8.07241238e-03, -1.34779768e-01,
        -3.16391058e-01, -3.37734070e-01,  1.32848464e+00,
        -4.19694998e-01, -4.35246498e-01, -5.00817579e-01,
        -3.11255560e-01, -3.16372805e-01, -9.02162011e+00,
         1.42696923e+00,  6.98086721e-01, -7.45221433e-01,
         1.21619502e-02, -2.01237618e-02,  2.20136053e-01,
        -3.82789865e+00, -3.10967142e-01, -6.74750993e-02,
        -1.74530632e-01, -3.11264150e-01, -1.19120859e-01,
        -8.30292119e-01, -5.09701319e+00,  6.79638210e-01,
        -2.39275515e+00, -1.63007565e-02, -2.10080166e+00,
         4.59874155e-01, -1.72540964e-01,  5.81009334e+00,
        -4.36308338e-01,  9.39831673e-01, -1.01028187e-01,
        -4.79365701e-01, -2.02627017e-01, -1.65674980e-01]])]
############################################################################
indexes:[ 12 116 106  96  47  25  79  81 102  89   8  34  77  10 111  46  90  53
  20  43  52  21   3  99  61  97  18  44  85   4  94  68  58  69  50   7
  67 108  71  14  29  98  72  22  11  39   9  38  19  91   5  63  59  35
  95 100  82  64  36 110 109  86  83 105  26  30  16   6  42 112  62  70
  55   0  76 101  41 114  65  48  78  31  13 113  80 117  24  66  87  93
  57  49  92  56  33  74  54  84  32 107  60  15  17  51  75  88 115  23
 103  40  27  28  45 104   1  37   2  73]
lbd:0,alpha:0.5,
 shape:[(15, 3), (15, 16), (1, 16)] 
loss: 0.13115533243874872
Final weights: [array([[-0.29891665,  3.39199353,  1.01611768],
       [ 0.04602912, -2.4730165 , -0.47101892],
       [ 2.94577741, -7.289329  ,  2.02527452],
       [-0.16907745,  1.40457168,  1.00685805],
       [-0.07668584, -3.96579251, -0.8388417 ],
       [ 1.60903559,  2.6631472 ,  2.95347749],
       [ 0.328557  , -3.17100657, -0.88950223],
       [ 0.56074411,  1.08991433,  0.72313621],
       [-0.12127812, -2.11738741, -0.27113627],
       [-2.42327955, -3.78638126, -4.31134215],
       [ 2.87313281, -4.24568111, -2.68001504],
       [ 2.20921662,  2.96744292,  4.34797992],
       [ 4.13654543,  2.46413691, -7.87039315],
       [ 5.15030743,  4.99106046, -4.24257096],
       [-1.05954454,  0.24386606, -8.12889667]]), array([[ 6.76829761e-02, -7.58575635e-02, -4.30047123e-02,
         7.83865093e-01, -2.23716399e-01, -3.80924901e-01,
        -3.40615765e-01, -9.01866449e-02, -7.42145873e-02,
        -6.74014325e-02, -4.12231058e-01,  3.23851444e-01,
         3.61140936e-01,  5.91404446e-01,  7.35855461e-02,
        -7.00821387e-01],
       [ 5.37537795e-01,  2.14115502e+00, -1.17396971e+00,
        -3.10927642e+00,  8.39727844e-01, -1.69258850e+00,
         1.47895346e+00, -1.25745436e+00,  9.34354369e-01,
        -3.29295902e-01, -6.36688890e-01, -1.52695693e+00,
         1.42797454e+00, -9.02562652e-01,  8.93497600e-01,
         1.22666823e+00],
       [-2.22467693e-01,  1.36213485e-01, -3.73086486e-01,
         1.19187740e-02, -3.91610132e-01,  1.33329236e-01,
         1.10243958e-01,  1.01842496e-01, -2.49693044e-02,
        -1.99593229e-01, -5.22835472e-01,  3.76000896e-01,
         7.38093010e-01,  5.58987036e-01, -5.87909021e-02,
        -7.53184101e-01],
       [-5.51740053e-02, -2.66274958e-01, -1.46547969e-02,
        -2.37157064e-01, -1.46809820e-01, -1.13192750e-01,
        -3.04444672e-01, -2.80076450e-01, -5.35540430e-01,
        -2.62755957e-01,  8.52211656e-02,  1.21362967e-01,
         1.14513636e-01, -2.20659353e-01, -1.71898328e-01,
        -3.55114564e-02],
       [ 1.03345245e-01, -4.39932737e-01,  1.58538571e-01,
         9.64437728e-01, -7.51344815e-01,  5.50408773e-01,
        -4.93489271e-01,  6.72550550e-01, -5.87779772e-01,
         1.76772259e-02,  2.60981656e-01,  1.68807761e+00,
        -4.93215289e-01,  2.43222824e+00,  2.11454948e-01,
        -4.26077071e-01],
       [-1.91600007e-01, -1.76983450e+00,  8.85042369e-01,
        -3.41319674e-01, -9.66103545e-01,  1.62654485e+00,
        -2.28364008e+00,  1.15595311e+00, -1.97878315e-01,
         9.19642536e-01,  2.75499271e+00,  1.57011598e-02,
        -2.43529035e+00, -5.71877716e-01, -1.58330877e+00,
         1.24593633e+00],
       [ 2.22120076e+00,  2.46157878e+00, -2.60760321e-01,
        -5.65559118e+00,  2.51491143e+00, -1.70002453e-01,
         2.98325597e+00, -1.44125292e+00,  2.41759873e+00,
        -5.25319511e-02, -8.64945777e-01, -5.14266863e+00,
         2.13420415e+00, -9.62470741e+00, -2.39875295e+00,
         2.23733022e+00],
       [ 6.12416784e-01,  3.28151563e-01,  3.88229614e-01,
        -1.88779977e+00,  4.35681636e-01,  6.41509142e-01,
        -1.24576812e+00,  4.70790215e-01,  4.30867576e-01,
         3.91902666e-01,  1.44733748e+00, -1.75451252e-01,
        -1.60700961e+00, -8.27806386e-01, -9.42896834e-03,
         3.72651104e+00],
       [-7.62350404e-02,  2.76605103e+00, -2.06728995e+00,
        -1.58743344e+00,  3.80499624e-01, -3.40856022e+00,
         2.62931889e+00, -3.01923513e+00,  9.36584850e-01,
        -1.99953589e+00, -3.82812123e+00, -2.80524104e+00,
         3.38308906e+00,  5.67347164e+00,  6.78779785e+00,
        -3.57032987e+00],
       [ 2.29757272e-01,  7.27244946e-01, -4.71940018e-01,
         2.25354040e-01, -7.05710764e-02, -4.75047921e-01,
         3.21076007e-01, -5.20533075e-01, -1.84612073e-01,
         6.88439934e-02, -9.24347448e-01,  2.32655680e-01,
         1.32098331e+00,  3.17517631e-01,  5.16063078e-01,
        -3.04059257e-01],
       [ 1.15075104e+00,  7.52663934e-01,  4.89614886e-01,
        -1.37634420e+00,  8.31172775e-01,  6.70543128e-01,
         1.47022830e-01,  7.81250608e-01,  4.63266829e-01,
         2.11857090e-01,  2.30666680e+00, -8.25948297e-01,
        -2.85671436e-01, -2.13254222e+00, -8.37004705e-01,
         3.06781481e+00],
       [ 1.10851248e-01,  7.95754017e-02,  2.94746965e-01,
        -1.68474085e-01,  4.14525615e-01, -1.02300868e-01,
        -3.33090610e-01,  9.35158553e-02,  8.97471875e-02,
        -2.03595243e-01,  3.06672073e-01, -6.64444335e-01,
        -1.88172889e-01, -4.21669620e-01, -9.09880281e-02,
         1.97617431e-01],
       [-1.01138857e-01,  1.80489774e-02,  7.48843158e-02,
        -6.85141877e-01, -4.71959458e-02,  6.72696021e-01,
        -3.28489138e-01,  1.75588115e-01,  3.67615199e-01,
         2.90763005e-01,  9.07073939e-01, -1.28920070e-01,
        -7.63102321e-01, -5.73258448e-01, -5.66603943e-02,
         2.02523071e+00],
       [ 1.01852638e+00,  5.48380860e-01,  5.65492252e-01,
        -9.56579127e-01,  5.46306722e-01,  2.95212129e-01,
        -1.91459852e-01,  6.68921790e-01,  8.53343169e-01,
         4.09790837e-01,  8.70657664e-01, -6.31275908e-02,
        -3.59162519e-01, -1.86605189e+00, -7.01356963e-01,
         2.12555779e+00],
       [-3.31900214e-02, -3.00835770e-01, -1.92210760e-01,
        -2.83945222e-01, -1.58876093e-01, -1.10463771e-01,
        -3.73224241e-02,  3.91458336e-02,  3.61643868e-01,
         3.13487686e-01,  1.74777404e-01, -4.50505203e-01,
         7.25357519e-02, -8.68379228e-01,  1.99775924e-01,
         3.91902490e-01]]), array([[  0.21038074,   1.58413023,  -4.50122703,   1.36479425,
         -0.19857078,   3.57466579,  -4.96252307, -15.66940811,
         -4.6808956 ,  11.54503568,   1.98559341,  -4.92837129,
         -0.68478901,  -2.41461541,  -3.37014835,  -0.77034728]])]
############################################################################
indexes:[ 11  28   3 114  63 100  87  55  94  24  16  25  56  81   8  86  64  65
  52 101  91  18 115  77  51  70  40  66  84  49 103  48  60  53 113  88
  58  76  75   4  19  45  83  42  36  98  21  89  35  72  71   2 106  20
  14 110  73  90  31  80  97 104 117  50   9  78  44 109  85 102  93 108
  54   0  62  26  27 111  79  22  29  33  67  92  15  99  12   6  96  95
  41  74  68  39  69 116 112  59  32  34  82  23  10  57  13   5 105  61
  47   1 107  46  38   7  37  30  17  43]
lbd:0,alpha:0.1,
 shape:[(15, 3), (15, 16), (1, 16)] 
loss: 0.6453570650050016
Final weights: [array([[-0.68388135, -0.24018068,  0.00709855],
       [-0.5337652 ,  0.66597942,  0.26276388],
       [-1.21064915, -0.68326706, -1.02954774],
       [-0.06408011,  1.07899093, -0.46879035],
       [ 0.83729607, -0.26408331, -0.19309352],
       [ 1.44626689,  2.45335937,  2.13641003],
       [-0.06662744, -0.44460956,  0.15895821],
       [-1.08167852, -0.12900391, -0.19265419],
       [-0.83542388, -0.76535791, -1.16257995],
       [-0.84359399,  1.05123471,  0.3711779 ],
       [-0.00370555,  0.5173087 ,  0.14646946],
       [ 0.06577577, -0.18915858, -0.59167217],
       [ 0.29684916,  0.7807044 ,  0.48372957],
       [-1.27748116,  1.86407917,  1.11593972],
       [-0.37068812,  0.0977991 ,  0.32539193]]), array([[ 2.45964221e-01, -2.35452084e-01, -1.96087911e-02,
         4.64576401e-02, -4.66929140e-02, -1.46864786e-01,
         8.14159396e-01,  4.75995704e-02, -7.80461073e-02,
        -6.86014714e-01, -6.95804008e-02,  7.48564721e-02,
         1.06824184e-01,  1.42720466e-01, -1.12439930e-01,
         2.98049860e-01],
       [ 1.94322455e-01, -3.66295402e-01, -3.68846824e-02,
        -1.26767866e-01, -2.92074190e-02, -3.15253002e-01,
        -9.37843243e-01,  4.44801940e-01,  2.35587581e-01,
         1.10717027e-01, -4.73760389e-01, -2.72315954e-01,
        -2.58987847e-01, -4.44956578e-01, -1.43999189e-01,
         4.53567155e-02],
       [-1.87143342e-01,  1.23953341e-01,  9.64645286e-02,
        -1.25255478e-01, -2.02180835e-01, -3.91011521e-01,
        -3.98286881e-01,  2.07977162e-01, -2.16348008e-01,
         4.17723468e-01, -1.29012557e-01,  7.82323587e-02,
        -5.57579234e-02, -5.75124424e-01,  2.07818599e-01,
         4.06632647e-01],
       [-5.24991416e-01, -2.27124452e-01, -4.92325154e-01,
        -4.73220101e-01,  4.92703903e-02,  1.23126844e-02,
         4.24972064e-01, -3.58172124e-01, -3.72525242e-01,
         1.80856002e-01,  4.38311272e-01,  3.01923069e-02,
         2.91763682e-01, -6.88216611e-02, -1.60354735e-01,
        -4.70376444e-01],
       [-4.09613131e-01,  3.31028751e-01,  8.73224365e-02,
        -4.85605079e-01, -5.59548089e-01,  1.20424525e-01,
         1.14400093e+00,  3.70187120e-01,  1.60606497e-01,
        -4.01078664e-01,  7.18666736e-02,  5.72395654e-02,
         1.94133043e-01, -1.95673089e-01, -4.42507871e-01,
         9.51544418e-02],
       [ 2.78907059e-01,  3.35325063e-01,  1.00158159e-01,
        -5.21076506e-01, -3.34191311e-01, -1.07069588e-01,
         7.52110511e-01,  2.16014891e-01, -1.63140164e-01,
        -5.21735649e-02, -1.86810817e-01, -2.75068200e-01,
        -1.08271304e-01,  2.27283656e-01, -4.54477615e-01,
         3.19054873e-01],
       [-1.52454261e-02, -2.76100480e-01,  1.44788741e-01,
        -4.78550757e-01, -3.41252561e-02, -5.18449960e-02,
        -2.47936288e-01,  1.05544182e-01,  1.32204419e-01,
         6.02337834e-02,  2.91244613e-01, -1.58055832e-01,
         7.86854988e-02, -2.13662302e-01,  1.74478525e-01,
        -1.03780526e-01],
       [ 3.59373023e-01,  5.35767758e-02, -1.69848942e-01,
        -4.63037750e-01, -3.77153919e-01, -2.74795797e-01,
         2.06993548e-01, -5.53616139e-02,  2.89416414e-01,
         1.58334922e-01,  6.47241834e-02,  3.68158904e-02,
         1.07250412e-01, -1.08934035e-01, -5.27257070e-01,
         3.88406356e-01],
       [ 1.60765948e-01,  4.31656257e-01, -5.99724837e-01,
         8.08965547e-02,  3.60244833e-01,  4.97611255e-01,
         1.40334898e-01, -2.39969956e-01, -3.45400729e-01,
         1.63378112e-01,  3.71274657e-01,  1.29997066e-01,
         2.72361925e-01,  2.27759697e-01, -2.39655866e-01,
         2.34826466e-01],
       [ 7.15304250e-02, -1.33359521e-01,  3.43886992e-01,
        -9.27855088e-02, -1.53180499e-01, -4.23190306e-02,
        -1.38890021e-01, -2.39548134e-02, -2.54974266e-01,
         4.97340007e-01,  2.86261111e-01, -7.25459041e-02,
         6.22955211e-02, -1.87434923e-01, -2.31856214e-01,
         4.91974858e-01],
       [-3.41470629e-01, -2.33867219e-01,  6.07355872e-03,
        -4.46195668e-02, -1.99289349e-04,  1.33016196e-01,
        -1.12511843e+00, -2.70202406e-01, -3.35858615e-01,
         9.49852906e-01,  8.84383354e-01,  4.76763554e-01,
         3.45062247e-01, -1.45423255e-01,  7.29714238e-01,
        -1.69268611e-01],
       [-3.21853168e-01, -5.41962846e-01, -1.48797820e-01,
         4.77799283e-01,  1.72586397e-01,  4.01847169e-02,
        -5.04638675e-01,  1.32128188e-01, -1.73944126e-01,
         1.01909483e-01,  7.21950028e-01,  1.79240085e-01,
         3.43517838e-02, -1.00769091e-01,  4.51680470e-01,
         5.31321844e-01],
       [-3.76023416e-01, -2.47698432e-01,  5.64760825e-01,
         5.60707141e-01, -2.68875198e-01,  3.01098348e-01,
        -3.66768605e-01, -4.15239414e-02, -3.41268051e-01,
         5.75932050e-01, -8.38715472e-02,  3.66649523e-01,
        -2.74466731e-01,  5.86080315e-01,  5.47638733e-01,
        -2.52457890e-01],
       [-2.97247961e-01, -1.16087208e-01,  4.83164913e-01,
        -3.93537503e-01,  4.06390104e-01, -2.14136385e-02,
        -6.40876887e-01, -4.12833517e-02, -4.14855874e-01,
        -4.97136202e-01,  1.15673168e-01,  1.13011564e-01,
        -3.19406561e-02, -1.05686133e-01,  9.54203188e-01,
        -7.16675107e-02],
       [ 2.21464234e-01, -3.27849711e-01,  4.32534974e-01,
         4.77878075e-02,  9.75876844e-02, -5.20053153e-01,
        -7.72664885e-01, -6.19722862e-01, -9.26818076e-03,
         2.49849879e-01,  3.02985793e-01,  5.76528805e-02,
         1.10832417e-01,  1.20961721e-01,  7.25974318e-01,
        -2.92110715e-01]]), array([[ 0.00929136,  0.70693845, -0.66456793, -0.35554038,  0.3678969 ,
         1.19866221,  1.05483362, -0.22882497,  0.53897751,  0.19704633,
        -0.14315307, -1.50348758, -0.97890425, -0.7791976 , -1.05233644,
        -1.01864275]])]
############################################################################
indexes:[ 21   7  70  89  41  22  26  43  12  97  35  61  98 110  14 102   0  73
  10  93  37  17  92 115   9  69  36  84 100  68 103  74  80  54  99  29
   4  75  48 109  82  88 111  59  25 114  50 106  87  19  45  79  47  95
   3  77  28  58  60 113  83  24  15  34  16  65  57 105  13  27 104  52
  31  20  67  72  30   1  96 117   5  42  11  62 108  38  85  78  55  33
  44 112  53  81 101  63  66  90  71  76   8  39  18  64  94  56  40  46
 107  91   6   2  32  49 116  86  23  51]
lbd:0,alpha:0.5,
 shape:[(2, 3), (2, 3), (1, 3)] 
loss: 0.5063224254761222
Final weights: [array([[-2.42997509,  3.67652874,  2.06758812],
       [ 4.04653786,  5.44910881,  7.56521199]]), array([[ 2.57565974,  5.25736912, -7.39612016],
       [ 0.40564069,  4.24782352, -4.40889097]]), array([[ 1.29047689, -7.76417291, -4.91504438]])]
############################################################################
indexes:[104  35  94  90  96  48  63  93  91  43  34  95 106  79 114   7  61 112
  83  98  55 115  11  58  53   5  50 110  56 103 100  70  64  77 108   4
  14  81  66  86  10  88  85  87  82  17 116  75  42  28  29  21  37  36
  24  46 113  30  22 109 102  15  19  69   1  59   9  54  27  51  31  39
  52  97  67  57   6  41  62  33  16  32  78  12   8  68 105  26  73  45
  72  25   2  84  40  76  60   0  44  47  38  13   3  89  92  49  99  80
 101  23 111  65 107  18 117  20  74  71]
lbd:0,alpha:0.5,
 shape:[(2, 3), (2, 3), (1, 3)] 
loss: 0.4624108227239163
Final weights: [array([[ 7.2704242 , -4.27655366, -8.19256878],
       [ 3.40443947,  6.42453847,  6.50018174]]), array([[ 2.51093983,  0.28010074, -9.20520683],
       [-0.66456553, 11.02729546, -3.57725468]]), array([[-6.20261854, -7.98032006,  7.19606822]])]
#######################################